10 400
20 200
30 200
40 300
50 200
60 400
70 500
80 400
90 0
100 600
110 200
120 400
130 400
140 400
150 600
160 500
170 600
180 800
190 500
200 300
210 600
220 300
230 900
240 700
250 100
260 400
270 1400
280 200
290 300
300 1400
310 1300
320 200
330 1600
340 500
350 1200
360 1800
370 500
380 1600
390 2000
400 2200
410 1900
420 900
430 900
440 800
450 1600
460 2400
470 1100
480 2500
490 2500
500 2000
510 2700
520 1100
530 800
540 2600
550 900
560 1200
570 900
580 1600
590 400
600 1900
610 600
620 2500
630 600
640 1900
650 200
660 2600
670 1800
680 1700
690 1900
700 2200
710 2400
720 2800
730 2900
740 4200
750 3900
760 3600
770 4300
780 1100
790 3200
800 4300
810 800
820 2200
830 4400
840 3900
850 4900
860 700
870 1100
880 3200
890 1000
900 8200
910 4400
920 3200
930 1100
940 3800
950 4500
960 5200
970 2000
980 4000
990 4200
1000 3700
1010 1400
1020 3500
1030 2700
1040 12100
1050 1400
1060 5500
1070 5000
1080 300
1090 6500
1100 4800
1110 2400
1120 400
1130 6500
1140 1900
1150 4600
1160 4100
1170 6800
1180 2500
1190 1000
1200 800
1210 500
1220 2600
1230 6800
1240 5000
1250 3000
1260 7600
1270 1800
1280 2100
1290 1900
1300 4100
1310 200
1320 8500
1330 4800
1340 500
1350 3200
1360 300
1370 3400
1380 5400
1390 300
1400 6100
1410 7000
1420 4700
1430 4900
1440 8600
1450 6900
1460 6000
1470 2000
1480 6100
1490 2200
1500 1600
1510 2900
1520 3500
1530 6200
1540 1200
1550 15300
1560 7600
1570 5800
1580 6000
1590 4300
1600 9300
1610 10000
1620 9400
1630 7600
1640 18000
1650 9100
1660 10300
1670 8000
1680 11100
1690 800
1700 10600
1710 3700
1720 6700
1730 5000
1740 8800
1750 4800
1760 16800
1770 20300
1780 400
1790 3700
1800 1400
1810 7400
1820 11900
1830 9300
1840 1000
1850 600
1860 700
1870 1200
1880 11600
1890 14600
1900 2000
1910 5600
1920 13000
1930 5600
1940 8400
1950 3100
1960 2300
1970 10700
1980 10100
1990 4900
2000 11800
2010 8600
2020 6600
2030 9700
2040 5200
2050 6500
2060 2700
2070 3000
2080 7000
2090 6600
2100 5800
2110 12400
2120 10400
2130 26800
2140 10700
2150 12700
2160 4700
2170 12200
2180 1600
2190 12900
2200 14000
2210 10900
2220 4300
2230 2300
2240 14000
2250 7300
2260 26400
2270 3900
2280 6300
2290 1800
2300 1600
2310 14400
2320 5800
2330 13300
2340 14000
2350 8200
2360 6700
2370 3400
2380 6500
2390 14800
2400 10100
2410 15600
2420 5800
2430 10200
2440 12400
2450 2700
2460 14200
2470 9900
2480 4200
2490 700
2500 13200
2510 14400
2520 11500
2530 4300
2540 5100
2550 10900
2560 2000
2570 17200
2580 4400
2590 10800
2600 11000
2610 1300
2620 17900
2630 14000
2640 10200
2650 600
2660 1500
2670 13200
2680 11100
2690 12300
2700 6600
2710 15900
2720 14100
2730 10800
2740 18200
2750 7500
2760 8800
2770 6500
2780 16600
2790 11900
2800 14900
2810 17700
2820 15800
2830 8900
2840 8400
2850 19100
2860 9100
2870 18400
2880 5100
2890 14800
2900 4700
2910 2700
2920 8000
2930 17900
2940 500
2950 4600
2960 20100
2970 17100
2980 13800
2990 4700
3000 19700
3010 2800
3020 13700
3030 42200
3040 5000
3050 18600
3060 1300
3070 4100
3080 21800
3090 18900
3100 33500
3110 17300
3120 22000
3130 5000
3140 14400
3150 8600
3160 14800
3170 22500
3180 1700
3190 8900
3200 16600
3210 18000
3220 24500
3230 22400
3240 1000
3250 16600
3260 5300
3270 23300
3280 15600
3290 8700
3300 21900
3310 2500
3320 15400
3330 15200
3340 1500
3350 7800
3360 6000
3370 16200
3380 23400
3390 22100
3400 28000
3410 19000
3420 20000
3430 15100
3440 8200
3450 19900
3460 18800
3470 19200
3480 9400
3490 20400
3500 2400
3510 20300
3520 5500
3530 2000
3540 6000
3550 25100
3560 13500
3570 23500
3580 49300
3590 21200
3600 29100
3610 4000
3620 3100
3630 8400
3640 20300
3650 26300
3660 26300
3670 7300
3680 1100
3690 18800
3700 11300
3710 27300
3720 15800
3730 15900
3740 16400
3750 19000
3760 18000
3770 9600
3780 25000
3790 19800
3800 9900
3810 21400
3820 15700
3830 15300
3840 9100
3850 9800
3860 1900
3870 10100
3880 2700
3890 15900
3900 19200
3910 19800
3920 9200
3930 25100
3940 23600
3950 5500
3960 17600
3970 16000
3980 20600
3990 7600
4000 24100
4010 21900
4020 5400
4030 29500
4040 27600
4050 4300
4060 3500
4070 1800
4080 1200
4090 24600
4100 25200
4110 1200
4120 3900
4130 11400
4140 23400
4150 37600
4160 2300
4170 2800
4180 25900
4190 28800
4200 13500
4210 11900
4220 600
4230 29000
4240 17200
4250 11600
4260 3900
4270 9000
4280 23600
4290 30200
4300 27400
4310 26100
4320 36100
4330 24300
4340 20400
4350 20300
4360 29400
4370 27300
4380 22000
4390 43900
4400 20500
4410 31700
4420 16500
4430 22900
4440 16600
4450 9000
4460 12100
4470 12500
4480 20200
4490 22900
4500 5400
4510 19300
4520 7000
4530 5700
4540 18400
4550 22500
4560 29500
4570 14000
4580 46300
4590 26000
4600 18700
4610 30600
4620 19900
4630 28200
4640 15800
4650 7400
4660 13800
4670 26200
4680 21000
4690 2300
4700 16100
4710 33300
4720 33300
4730 13300
4740 15100
4750 19200
4760 2500
4770 14400
4780 8500
4790 17400
4800 10000
4810 42300
4820 21900
4830 24400
4840 24300
4850 16800
4860 24500
4870 34800
4880 26000
4890 25400
4900 30400
4910 10100
4920 16800
4930 9200
4940 40000
4950 9000
4960 10500
4970 16500
4980 37700
4990 14400
5000 31200
5010 6900
5020 13400
5030 9300
5040 23200
5050 14800
5060 31300
5070 30300
5080 4400
5090 28400
5100 37800
5110 13800
5120 17400
5130 13700
5140 35200
5150 12200
5160 15900
5170 6200
5180 12600
5190 16800
5200 14600
5210 21800
5220 3300
5230 30100
5240 7900
5250 700
5260 2800
5270 69100
5280 2200
5290 24000
5300 7100
5310 32400
5320 1800
5330 36200
5340 7800
5350 31400
5360 31800
5370 18900
5380 21900
5390 25000
5400 40900
5410 15800
5420 1000
5430 31500
5440 2000
5450 30900
5460 21600
5470 21800
5480 35500
5490 6200
5500 25100
5510 18900
5520 18600
5530 32500
5540 42300
5550 26100
5560 35200
5570 16800
5580 66600
5590 41100
5600 29700
5610 42800
5620 29200
5630 17600
5640 6600
5650 28700
5660 9300
5670 12800
5680 8200
5690 38800
5700 21500
5710 15900
5720 23900
5730 27500
5740 34000
5750 1700
5760 16900
5770 4400
5780 14200
5790 44200
5800 1200
5810 19400
5820 38300
5830 23300
5840 19000
5850 8000
5860 40500
5870 5300
5880 44400
5890 900
5900 40700
5910 46000
5920 26400
5930 18700
5940 27400
5950 26900
5960 36600
5970 9700
5980 15100
5990 38000
6000 37400
6010 19500
6020 6900
6030 8000
6040 1000
6050 41300
6060 27500
6070 38500
6080 11800
6090 15500
6100 27500
6110 38200
6120 30900
6130 44200
6140 1600
6150 23100
6160 4100
6170 27600
6180 38800
6190 19000
6200 13500
6210 26600
6220 15300
6230 43900
6240 2500
6250 23200
6260 24800
6270 30200
6280 8700
6290 5200
6300 24700
6310 14200
6320 7900
6330 35600
6340 21400
6350 24000
6360 30200
6370 47400
6380 13700
6390 43700
6400 16600
6410 9300
6420 30700
6430 27400
6440 18400
6450 16300
6460 18600
6470 10700
6480 41100
6490 6500
6500 5900
6510 43900
6520 8800
6530 38900
6540 10500
6550 53500
6560 47700
6570 7100
6580 1600
6590 45100
6600 14700
6610 38000
6620 45000
6630 600
6640 104200
6650 37000
6660 83800
6670 35100
6680 44900
6690 7900
6700 41500
6710 54100
6720 38700
6730 23400
6740 61300
6750 34400
6760 47100
6770 36800
6780 114800
6790 25200
6800 86400
6810 12800
6820 10800
6830 52100
6840 24900
6850 5800
6860 25000
6870 27200
6880 26300
6890 9800
6900 10700
6910 3200
6920 26200
6930 2400
6940 13000
6950 55100
6960 43300
6970 9900
6980 15800
6990 50600
7000 1400
7010 1300
7020 15800
7030 49600
7040 2900
7050 1600
7060 2400
7070 49800
7080 6700
7090 41900
7100 26200
7110 35700
7120 10300
7130 32200
7140 32400
7150 45900
7160 50900
7170 59200
7180 122900
7190 31500
7200 31400
7210 20800
7220 19000
7230 12700
7240 8200
7250 25600
7260 26800
7270 55400
7280 7100
7290 58600
7300 44100
7310 15000
7320 2000
7330 13900
7340 50200
7350 42200
7360 29900
7370 59000
7380 97600
7390 15100
7400 9300
7410 25900
7420 18100
7430 45500
7440 22400
7450 2000
7460 12000
7470 59300
7480 35300
7490 12000
7500 34700
7510 34100
7520 39500
7530 2200
7540 15700
7550 26900
7560 17300
7570 35700
7580 87500
7590 4800
7600 41400
7610 20400
7620 24100
7630 32300
7640 35100
7650 30300
7660 33200
7670 17900
7680 39500
7690 13500
7700 46700
7710 31900
7720 38400
7730 47700
7740 8900
7750 5300
7760 8500
7770 52500
7780 52000
7790 3400
7800 6300
7810 4400
7820 60800
7830 68900
7840 53300
7850 32900
7860 7600
7870 49600
7880 17200
7890 101900
7900 30900
7910 49500
7920 59300
7930 26600
7940 34300
7950 50000
7960 23200
7970 27100
7980 18200
7990 46100
8000 70600
8010 11300
8020 63600
8030 58900
8040 16300
8050 24900
8060 82900
8070 67800
8080 56200
8090 63000
8100 8500
8110 42900
8120 93000
8130 74800
8140 63400
8150 18700
8160 10800
8170 2500
8180 65600
8190 27400
8200 17500
8210 85100
8220 6700
8230 37100
8240 138900
8250 45000
8260 23500
8270 69800
8280 54800
8290 83800
8300 73900
8310 48700
8320 5300
8330 13700
8340 43700
8350 67500
8360 28200
8370 35900
8380 69900
8390 3200
8400 29800
8410 56300
8420 55400
8430 132500
8440 23700
8450 34500
8460 44500
8470 52300
8480 68700
8490 11200
8500 40700
8510 34000
8520 46800
8530 12400
8540 72400
8550 42000
8560 13600
8570 25700
8580 49600
8590 72900
8600 42600
8610 19000
8620 74400
8630 73700
8640 7900
8650 25000
8660 75500
8670 78900
8680 35700
8690 69700
8700 13400
8710 95300
8720 70400
8730 11000
8740 40200
8750 59300
8760 36200
8770 35000
8780 40600
8790 70900
8800 3900
8810 82000
8820 67200
8830 200
8840 21400
8850 4900
8860 2700
8870 2300
8880 80300
8890 51100
8900 53000
8910 30700
8920 53300
8930 47200
8940 59400
8950 54000
8960 47400
8970 10900
8980 53000
8990 4800
9000 43800
9010 13000
9020 26700
9030 12300
9040 27800
9050 8100
9060 78400
9070 30600
9080 2100
9090 60800
9100 46600
9110 86500
9120 83300
9130 25600
9140 87500
9150 31600
9160 76900
9170 28700
9180 41600
9190 22800
9200 54300
9210 60200
9220 39100
9230 63500
9240 84600
9250 91100
9260 44800
9270 15800
9280 95300
9290 66000
9300 31300
9310 72900
9320 20400
9330 20600
9340 50900
9350 53000
9360 45500
9370 65300
9380 3000
9390 69500
9400 80000
9410 81000
9420 11000
9430 30500
9440 17300
9450 45800
9460 43300
9470 73900
9480 53800
9490 29400
9500 77000
9510 45700
9520 87300
9530 6100
9540 4700
9550 76500
9560 83300
9570 39900
9580 1600
9590 85300
9600 34800
9610 76000
9620 58300
9630 66300
9640 46600
9650 59900
9660 4900
9670 3200
9680 56100
9690 12900
9700 6100
9710 91200
9720 31900
9730 35300
9740 17100
9750 6700
9760 81200
9770 87500
9780 44500
9790 83400
9800 33700
9810 53600
9820 10200
9830 64700
9840 87100
9850 93300
9860 20200
9870 101000
9880 1900
9890 100400
9900 43900
9910 35700
9920 83000
9930 23900
9940 21400
9950 54000
9960 47900
9970 8900
9980 33900
9990 107600
10000 74700
10010 63900
10020 57400
10030 87600
10040 34900
10050 85700
10060 5800
10070 71000
10080 104000
10090 36000
10100 10700
10110 4200
10120 36300
10130 83300
10140 58500
10150 79500
10160 56600
10170 38200
10180 40000
10190 67500
10200 44200
10210 104500
10220 16600
10230 72500
10240 26200
10250 23600
10260 43200
10270 59000
10280 107100
10290 39800
10300 58800
10310 20000
10320 83400
10330 43600
10340 26900
10350 43900
10360 76200
10370 81900
10380 75300
10390 60600
10400 16900
10410 82400
10420 108400
10430 71500
10440 18000
10450 67700
10460 119000
10470 185300
10480 42500
10490 51400
10500 23300
10510 66700
10520 11500
10530 59800
10540 7200
10550 156000
10560 27300
10570 6000
10580 18500
10590 108700
10600 55700
10610 7300
10620 36400
10630 40400
10640 5400
10650 29100
10660 85500
10670 23300
10680 71300
10690 22700
10700 15100
10710 49100
10720 30300
10730 86400
10740 42000
10750 128900
10760 52000
10770 28200
10780 108400
10790 105800
10800 71000
10810 35500
10820 15000
10830 70500
10840 106100
10850 104700
10860 81200
10870 102400
10880 49300
10890 65600
10900 26300
10910 97200
10920 90600
10930 76400
10940 126500
10950 80700
10960 89200
10970 36600
10980 228500
10990 85600
11000 110300
11010 64700
11020 57600
11030 51800
11040 88300
11050 104100
11060 120400
11070 104400
11080 15200
11090 92300
11100 63300
11110 95300
11120 107900
11130 36800
11140 26200
11150 53900
11160 106300
11170 81500
11180 69100
11190 61400
11200 109000
11210 131000
11220 29400
11230 28800
11240 51900
11250 26300
11260 96700
11270 24600
11280 94300
11290 3400
11300 26300
11310 3700
11320 3500
11330 24500
11340 86700
11350 103200
11360 87500
11370 215400
11380 26800
11390 85500
11400 60000
11410 82800
11420 30600
11430 118100
11440 81900
11450 53000
11460 5000
11470 21500
11480 243400
11490 50300
11500 65800
11510 75800
11520 84900
11530 24700
11540 32800
11550 92000
11560 92200
11570 61800
11580 105500
11590 37000
11600 37600
11610 39000
11620 89800
11630 103300
11640 39700
11650 181200
11660 32100
11670 62400
11680 114400
11690 64400
11700 16600
11710 50900
11720 100700
11730 11400
11740 37400
11750 64800
11760 107300
11770 23600
11780 130000
11790 128200
11800 5300
11810 46300
11820 61200
11830 27500
11840 10600
11850 137000
11860 106800
11870 16500
11880 130200
11890 34000
11900 166700
11910 85900
11920 52000
11930 8300
11940 94300
11950 10700
11960 75100
11970 309600
11980 113100
11990 61900
12000 110000
12010 23500
12020 88100
12030 53100
12040 50000
12050 123100
12060 9100
12070 161000
12080 109400
12090 33300
12100 127700
12110 107100
12120 5100
12130 74500
12140 43200
12150 99000
12160 21700
12170 127800
12180 26300
12190 93200
12200 45400
12210 15500
12220 99900
12230 94100
12240 26400
12250 99700
12260 122800
12270 79400
12280 93000
12290 82000
12300 21900
12310 149800
12320 35800
12330 138600
12340 1300
12350 116600
12360 120400
12370 125000
12380 20400
12390 24400
12400 29500
12410 57900
12420 67000
12430 131500
12440 102600
12450 146200
12460 7800
12470 99800
12480 125400
12490 53700
12500 91300
12510 34000
12520 117400
12530 7100
12540 1900
12550 43800
12560 25100
12570 29700
12580 91400
12590 19100
12600 12900
12610 40000
12620 116900
12630 64800
12640 124700
12650 301800
12660 64800
12670 125200
12680 95100
12690 84200
12700 104900
12710 3300
12720 3300
12730 159200
12740 248500
12750 16600
12760 85700
12770 158300
12780 137100
12790 105600
12800 83800
12810 33400
12820 169000
12830 105800
12840 114600
12850 43200
12860 5100
12870 200
12880 56900
12890 213500
12900 171200
12910 10600
12920 118500
12930 162600
12940 50100
12950 277700
12960 155200
12970 114800
12980 86300
12990 26700
13000 91300
13010 83200
13020 183900
13030 133300
13040 53600
13050 125600
13060 160800
13070 259000
13080 43800
13090 136000
13100 12600
13110 151200
13120 55800
13130 136800
13140 114000
13150 312600
13160 50300
13170 69700
13180 36500
13190 65200
13200 106900
13210 125300
13220 100900
13230 76600
13240 112500
13250 109300
13260 61700
13270 700
13280 157900
13290 29000
13300 2800
13310 1000
13320 42400
13330 16600
13340 174300
13350 167300
13360 51000
13370 50400
13380 59000
13390 20000
13400 100400
13410 255600
13420 66300
13430 149600
13440 24300
13450 106000
13460 83700
13470 171200
13480 21300
13490 144300
13500 11100
13510 175100
13520 29800
13530 127300
13540 15400
13550 48800
13560 152400
13570 118800
13580 155800
13590 12200
13600 142000
13610 42300
13620 12800
13630 18400
13640 45300
13650 22400
13660 158800
13670 2700
13680 43300
13690 169800
13700 120900
13710 35700
13720 67900
13730 128600
13740 125900
13750 153200
13760 53500
13770 134500
13780 74800
13790 71900
13800 98400
13810 118000
13820 143800
13830 108500
13840 131100
13850 131300
13860 63000
13870 93000
13880 141500
13890 133400
13900 47400
13910 49900
13920 193900
13930 165000
13940 40700
13950 169400
13960 52900
13970 15000
13980 20000
13990 119100
14000 138100
14010 99100
14020 143800
14030 360000
14040 105300
14050 99200
14060 139800
14070 23700
14080 176400
14090 2900
14100 160600
14110 181000
14120 40900
14130 150000
14140 151100
14150 21900
14160 95600
14170 163600
14180 43300
14190 33800
14200 13100
14210 354600
14220 10800
14230 341600
14240 45300
14250 124000
14260 136200
14270 75500
14280 140800
14290 162400
14300 138500
14310 3800
14320 20200
14330 117900
14340 118600
14350 27000
14360 57300
14370 122900
14380 130200
14390 104900
14400 91300
14410 104500
14420 400800
14430 275700
14440 136500
14450 90700
14460 80800
14470 175200
14480 88300
14490 148800
14500 21100
14510 124800
14520 190500
14530 45000
14540 26000
14550 68300
14560 84900
14570 7400
14580 177700
14590 198300
14600 190900
14610 49700
14620 76700
14630 25800
14640 66000
14650 105100
14660 74700
14670 149200
14680 55300
14690 19700
14700 182100
14710 47400
14720 116200
14730 45400
14740 190100
14750 83600
14760 44300
14770 117000
14780 54400
14790 200200
14800 116200
14810 7900
14820 186900
14830 50500
14840 205900
14850 190700
14860 30000
14870 92500
14880 133300
14890 177900
14900 119000
14910 60700
14920 104600
14930 7100
14940 68500
14950 168300
14960 188300
14970 134000
14980 1500
14990 265900
15000 140700
15010 61500
15020 193700
15030 10800
15040 79000
15050 17300
15060 116400
15070 167100
15080 82900
15090 106600
15100 129100
15110 500
15120 302400
15130 119100
15140 125400
15150 83800
15160 221600
15170 177900
15180 95800
15190 76100
15200 105100
15210 68900
15220 9200
15230 81800
15240 3800
15250 17300
15260 125800
15270 161500
15280 162300
15290 88900
15300 191500
15310 5100
15320 186600
15330 171300
15340 113500
15350 185800
15360 148100
15370 109200
15380 73400
15390 152900
15400 92200
15410 206700
15420 49100
15430 108700
15440 190900
15450 208500
15460 75200
15470 324800
15480 66900
15490 900
15500 162000
15510 162200
15520 137600
15530 171900
15540 73900
15550 125500
15560 8300
15570 196000
15580 162900
15590 215900
15600 222600
15610 94400
15620 155800
15630 118900
15640 211700
15650 156400
15660 169300
15670 151900
15680 4600
15690 54400
15700 61200
15710 155300
15720 144200
15730 67300
15740 229000
15750 16400
15760 95700
15770 41800
15780 203300
15790 216200
15800 215800
15810 222200
15820 132500
15830 5500
15840 188400
15850 153900
15860 100000
15870 216500
15880 104800
15890 145400
15900 47000
15910 49200
15920 165000
15930 166500
15940 247500
15950 217500
15960 115800
15970 127700
15980 98700
15990 60700
16000 151000
16010 205800
16020 58400
16030 86100
16040 96500
16050 2600
16060 182300
16070 45900
16080 172100
16090 212200
16100 107600
16110 367700
16120 99000
16130 42700
16140 54200
16150 212400
16160 127000
16170 183400
16180 253400
16190 3900
16200 6900
16210 131300
16220 232700
16230 92900
16240 142300
16250 154200
16260 60800
16270 501100
16280 165300
16290 6000
16300 150400
16310 171700
16320 70400
16330 145000
16340 8300
16350 126400
16360 4100
16370 173800
16380 217900
16390 25200
16400 113400
16410 21900
16420 475700
16430 232500
16440 76700
16450 22200
16460 136900
16470 117400
16480 232800
16490 118600
16500 129500
16510 387900
16520 229700
16530 99400
16540 400800
16550 245700
16560 183900
16570 307800
16580 81400
16590 220600
16600 160300
16610 9500
16620 459500
16630 168000
16640 78600
16650 17400
16660 204100
16670 184300
16680 83800
16690 74700
16700 74500
16710 227900
16720 178600
16730 260200
16740 167200
16750 3700
16760 225900
16770 160500
16780 170000
16790 83300
16800 319300
16810 132300
16820 15100
16830 203400
16840 229200
16850 57500
16860 214100
16870 112000
16880 222700
16890 228000
16900 225700
16910 71500
16920 138600
16930 108300
16940 44900
16950 69700
16960 160500
16970 50800
16980 189500
16990 145000
17000 70900
17010 154300
17020 277000
17030 64400
17040 118300
17050 163700
17060 99300
17070 64100
17080 261900
17090 145000
17100 2200
17110 393900
17120 272400
17130 189700
17140 66000
17150 207000
17160 185500
17170 56000
17180 121400
17190 128000
17200 100400
17210 36500
17220 444500
17230 63500
17240 238700
17250 70100
17260 149600
17270 89600
17280 224700
17290 112000
17300 117800
17310 119800
17320 158800
17330 187800
17340 22800
17350 8800
17360 454000
17370 27300
17380 260300
17390 251700
17400 173500
17410 169000
17420 509900
17430 98100
17440 98300
17450 62000
17460 375800
17470 238900
17480 110000
17490 101000
17500 217300
17510 200600
17520 88200
17530 93700
17540 24500
17550 28200
17560 206300
17570 269000
17580 112200
17590 85000
17600 211100
17610 22300
17620 127500
17630 116300
17640 82400
17650 90900
17660 80600
17670 252900
17680 26800
17690 213500
17700 28300
17710 219200
17720 114600
17730 268000
17740 271300
17750 49500
17760 125100
17770 24600
17780 51400
17790 166800
17800 147100
17810 58000
17820 38800
17830 63600
17840 221100
17850 145200
17860 158400
17870 80900
17880 161000
17890 118900
17900 108300
17910 72200
17920 197900
17930 133200
17940 120000
17950 92200
17960 214900
17970 141700
17980 66000
17990 28000
18000 203500
18010 78700
18020 91500
18030 197900
18040 109400
18050 115700
18060 182400
18070 44000
18080 230600
18090 258300
18100 202500
18110 161200
18120 155700
18130 46200
18140 244400
18150 210500
18160 215200
18170 228200
18180 79000
18190 92800
18200 257900
18210 99600
18220 26300
18230 160600
18240 39000
18250 9700
18260 273600
18270 41700
18280 140500
18290 266100
18300 43600
18310 276200
18320 258300
18330 204000
18340 66000
18350 158700
18360 121500
18370 96400
18380 160600
18390 281900
18400 179300
18410 238500
18420 258700
18430 80600
18440 206800
18450 164600
18460 16800
18470 142600
18480 59800
18490 139500
18500 129300
18510 505600
18520 208800
18530 217600
18540 283500
18550 40300
18560 402200
18570 5800
18580 39300
18590 213100
18600 244500
18610 8800
18620 261800
18630 57900
18640 589000
18650 177400
18660 152800
18670 230100
18680 253600
18690 191500
18700 224900
18710 41800
18720 77900
18730 123900
18740 193400
18750 64100
18760 161100
18770 53100
18780 144300
18790 16600
18800 210500
18810 151300
18820 35000
18830 184500
18840 118200
18850 73100
18860 31900
18870 150100
18880 182100
18890 259700
18900 167100
18910 255700
18920 21800
18930 173100
18940 104300
18950 190800
18960 213700
18970 96600
18980 78100
18990 158400
19000 107100
19010 249000
19020 171500
19030 215300
19040 66300
19050 225100
19060 134000
19070 280400
19080 210400
19090 298400
19100 174800
19110 118400
19120 238800
19130 197900
19140 220900
19150 116100
19160 99400
19170 63700
19180 89000
19190 283900
19200 196300
19210 94500
19220 31200
19230 295800
19240 222900
19250 165600
19260 86000
19270 268400
19280 128200
19290 220200
19300 252000
19310 86200
19320 16500
19330 302500
19340 91400
19350 118000
19360 106200
19370 194200
19380 438700
19390 77000
19400 28700
19410 183500
19420 95600
19430 271000
19440 124600
19450 161100
19460 212200
19470 271400
19480 150400
19490 179800
19500 374300
19510 52900
19520 300300
19530 183700
19540 267800
19550 84700
19560 236500
19570 84200
19580 177100
19590 78400
19600 88600
19610 217400
19620 115100
19630 265800
19640 303300
19650 152500
19660 69000
19670 124800
19680 172500
19690 217300
19700 213400
19710 431700
19720 132200
19730 221900
19740 274700
19750 61200
19760 44400
19770 211200
19780 74300
19790 53200
19800 188400
19810 288400
19820 69900
19830 10400
19840 20500
19850 270800
19860 291000
19870 238300
19880 135000
19890 301600
19900 526500
19910 100700
19920 246800
19930 33400
19940 69500
19950 199300
19960 95200
19970 73300
19980 27500
19990 5300
20000 284000
20010 310500
20020 97500
20030 310900
20040 225500
20050 145100
20060 252300
20070 66000
20080 46000
20090 16500
20100 218900
20110 202800
20120 280700
20130 243800
20140 80400
20150 233700
20160 213900
20170 170700
20180 210900
20190 57900
20200 199700
20210 33800
20220 180100
20230 171800
20240 115200
20250 278800
20260 582200
20270 289300
20280 235800
20290 327600
20300 133500
20310 294400
20320 243700
20330 266400
20340 331200
20350 192500
20360 6100
20370 215400
20380 299700
20390 281700
20400 76800
20410 112800
20420 304100
20430 321500
20440 328000
20450 90400
20460 98100
20470 525500
20480 433000
20490 178200
20500 297300
20510 182300
20520 147500
20530 280800
20540 206400
20550 260900
20560 275200
20570 40900
20580 83300
20590 149200
20600 213800
20610 16300
20620 68000
20630 277900
20640 79800
20650 37600
20660 96600
20670 112300
20680 316800
20690 310700
20700 199900
20710 136200
20720 11400
20730 86000
20740 218100
20750 99900
20760 96900
20770 245400
20780 277500
20790 169300
20800 172200
20810 200200
20820 608100
20830 29300
20840 143600
20850 138700
20860 254100
20870 277900
20880 101600
20890 260600
20900 276700
20910 138400
20920 37800
20930 248700
20940 52500
20950 155800
20960 33100
20970 98100
20980 110700
20990 617200
21000 98600
21010 151000
21020 270400
21030 201600
21040 136800
21050 523300
21060 200800
21070 323600
21080 108100
21090 216100
21100 65600
21110 166500
21120 24300
21130 223800
21140 186000
21150 63600
21160 344600
21170 258900
21180 286900
21190 151600
21200 667400
21210 43700
21220 318300
21230 276300
21240 338200
21250 144900
21260 103900
21270 254400
21280 267100
21290 96300
21300 230600
21310 94500
21320 38500
21330 14800
21340 302600
21350 473400
21360 276800
21370 89700
21380 211500
21390 139700
21400 338600
21410 503100
21420 192400
21430 145200
21440 75100
21450 110900
21460 318300
21470 161700
21480 253700
21490 59200
21500 184400
21510 194400
21520 96000
21530 178500
21540 48300
21550 117200
21560 63000
21570 12500
21580 223000
21590 299700
21600 239800
21610 277200
21620 181300
21630 19500
21640 331200
21650 8300
21660 202700
21670 162900
21680 98500
21690 336800
21700 202000
21710 71500
21720 90100
21730 309700
21740 182600
21750 239400
21760 108000
21770 324100
21780 144400
21790 57100
21800 133200
21810 283500
21820 322500
21830 402900
21840 344300
21850 72600
21860 312000
21870 171500
21880 205900
21890 290400
21900 35800
21910 257600
21920 79800
21930 86400
21940 31200
21950 134300
21960 126400
21970 154900
21980 48700
21990 34900
22000 167100
22010 99900
22020 206300
22030 462600
22040 60300
22050 149500
22060 64500
22070 30000
22080 104700
22090 61500
22100 42100
22110 349200
22120 231800
22130 98000
22140 230200
22150 145400
22160 94700
22170 168000
22180 330500
22190 172100
22200 223300
22210 37000
22220 297700
22230 88600
22240 245000
22250 179700
22260 81000
22270 393400
22280 506500
22290 90900
22300 245800
22310 93400
22320 101000
22330 44000
22340 71700
22350 331800
22360 351700
22370 140100
22380 186200
22390 120700
22400 180000
22410 88700
22420 53400
22430 316600
22440 10800
22450 12900
22460 93200
22470 219800
22480 253700
22490 147200
22500 133200
22510 242500
22520 233200
22530 228500
22540 147100
22550 255100
22560 275600
22570 342100
22580 96700
22590 16500
22600 146400
22610 194800
22620 76300
22630 244500
22640 113900
22650 65500
22660 162400
22670 323800
22680 14700
22690 56100
22700 208900
22710 304200
22720 269700
22730 266200
22740 310000
22750 123700
22760 132900
22770 175300
22780 78600
22790 296500
22800 224700
22810 303400
22820 229600
22830 204800
22840 208300
22850 139300
22860 28800
22870 265800
22880 210300
22890 207500
22900 104400
22910 367600
22920 250100
22930 98500
22940 370000
22950 131900
22960 150100
22970 291800
22980 18700
22990 186800
23000 670100
23010 16400
23020 437400
23030 245900
23040 10200
23050 256000
23060 39200
23070 255400
23080 268700
23090 216000
23100 222000
23110 91900
23120 163700
23130 256500
23140 95800
23150 284000
23160 79600
23170 382900
23180 45400
23190 158500
23200 63900
23210 79700
23220 168000
23230 223600
23240 159400
23250 171100
23260 279700
23270 234500
23280 33600
23290 318500
23300 150000
23310 371500
23320 48800
23330 214800
23340 394700
23350 154500
23360 124200
23370 780400
23380 329900
23390 108100
23400 96800
23410 118200
23420 220900
23430 687000
23440 255800
23450 335400
23460 467000
23470 8800
23480 240700
23490 368200
23500 77700
23510 322900
23520 218500
23530 257500
23540 44600
23550 158300
23560 372800
23570 202000
23580 135600
23590 16600
23600 268000
23610 83600
23620 208900
23630 260300
23640 135900
23650 204600
23660 342400
23670 323900
23680 247000
23690 356900
23700 229900
23710 360900
23720 239100
23730 380300
23740 250700
23750 158700
23760 284100
23770 248200
23780 288000
23790 165500
23800 133600
23810 179100
23820 229400
23830 220800
23840 70900
23850 110900
23860 340900
23870 261500
23880 152300
23890 374000
23900 323900
23910 205600
23920 298200
23930 292700
23940 148800
23950 93900
23960 246900
23970 50100
23980 583400
23990 235400
24000 111100
24010 29100
24020 208300
24030 1700
24040 167900
24050 105800
24060 367100
24070 181300
24080 795600
24090 122500
24100 380900
24110 196900
24120 132000
24130 253400
24140 343700
24150 322900
24160 122400
24170 310800
24180 355300
24190 29800
24200 397900
24210 363700
24220 230700
24230 292100
24240 400000
24250 57600
24260 204900
24270 323800
24280 170900
24290 232900
24300 5900
24310 284300
24320 361100
24330 356300
24340 88200
24350 79200
24360 348000
24370 124400
24380 279300
24390 35200
24400 280200
24410 51000
24420 341100
24430 350200
24440 302100
24450 159900
24460 6400
24470 228400
24480 106800
24490 160600
24500 232000
24510 37700
24520 308700
24530 685700
24540 171800
24550 287500
24560 192800
24570 206400
24580 218100
24590 160800
24600 82400
24610 417400
24620 41700
24630 202000
24640 259100
24650 110000
24660 351100
24670 260300
24680 17900
24690 222300
24700 129200
24710 292200
24720 336800
24730 160200
24740 287600
24750 44400
24760 104900
24770 811600
24780 267100
24790 50300
24800 50800
24810 789900
24820 164000
24830 237700
24840 193800
24850 224400
24860 18000
24870 372500
24880 110300
24890 222700
24900 259100
24910 765400
24920 408300
24930 251200
24940 452800
24950 260600
24960 135300
24970 134500
24980 241600
24990 759200
25000 129600
25010 39400
25020 132700
25030 138700
25040 199000
25050 203300
25060 116500
25070 200100
25080 59900
25090 29700
25100 14500
25110 324500
25120 237300
25130 429700
25140 69300
25150 197300
25160 304100
25170 48200
25180 296300
25190 393100
25200 118500
25210 226900
25220 367100
25230 97300
25240 279400
25250 335500
25260 193500
25270 318300
25280 418100
25290 357000
25300 87100
25310 192900
25320 148400
25330 424500
25340 178800
25350 211000
25360 424600
25370 317700
25380 398000
25390 399500
25400 126400
25410 159900
25420 349600
25430 159200
25440 276600
25450 665500
25460 162000
25470 86100
25480 132800
25490 39000
25500 124600
25510 31800
25520 900
25530 193700
25540 253600
25550 795300
25560 362300
25570 235600
25580 291500
25590 128100
25600 83100
25610 242400
25620 427300
25630 443000
25640 348700
25650 73800
25660 363600
25670 284500
25680 29600
25690 26600
25700 407900
25710 211300
25720 139200
25730 324400
25740 103100
25750 349200
25760 237400
25770 248400
25780 395500
25790 104700
25800 222900
25810 140900
25820 235400
25830 277000
25840 262600
25850 219600
25860 7100
25870 79900
25880 261000
25890 135400
25900 392300
25910 403100
25920 359200
25930 389500
25940 427000
25950 240800
25960 428700
25970 190900
25980 135300
25990 355500
26000 273700
26010 132700
26020 326600
26030 104100
26040 88500
26050 300000
26060 299500
26070 348200
26080 244600
26090 254300
26100 288000
26110 346600
26120 148800
26130 26100
26140 110900
26150 142100
26160 278000
26170 59300
26180 204700
26190 64400
26200 294700
26210 95700
26220 56700
26230 434400
26240 248900
26250 177600
26260 5700
26270 338700
26280 289500
26290 377800
26300 264500
26310 300400
26320 10600
26330 129100
26340 121000
26350 408600
26360 377300
26370 125600
26380 312600
26390 361400
26400 350600
26410 187400
26420 409600
26430 283900
26440 434300
26450 425800
26460 412900
26470 428300
26480 57500
26490 182400
26500 351200
26510 365400
26520 389400
26530 174600
26540 143800
26550 232100
26560 322800
26570 195100
26580 405100
26590 28700
26600 133000
26610 334500
26620 229600
26630 361300
26640 343800
26650 16000
26660 446500
26670 187800
26680 200900
26690 265100
26700 127900
26710 328400
26720 366000
26730 94800
26740 602700
26750 263200
26760 272200
26770 420300
26780 171200
26790 95400
26800 124800
26810 464900
26820 399400
26830 293400
26840 288500
26850 134300
26860 312700
26870 56100
26880 243000
26890 161300
26900 920300
26910 346000
26920 241300
26930 311200
26940 78200
26950 648500
26960 165100
26970 289700
26980 34500
26990 17900
27000 291800
27010 155200
27020 141600
27030 341900
27040 51700
27050 446000
27060 147200
27070 321500
27080 365000
27090 846500
27100 412400
27110 161900
27120 310200
27130 141800
27140 166700
27150 334600
27160 229500
27170 684200
27180 129600
27190 427900
27200 6300
27210 51000
27220 471500
27230 469400
27240 136200
27250 136300
27260 350300
27270 88200
27280 19900
27290 471800
27300 421500
27310 235800
27320 422700
27330 390600
27340 143400
27350 402600
27360 59700
27370 300000
27380 47300
27390 936200
27400 27500
27410 376300
27420 58300
27430 350600
27440 301900
27450 218900
27460 413300
27470 31800
27480 130100
27490 162300
27500 134500
27510 390000
27520 327400
27530 192600
27540 160400
27550 284500
27560 313700
27570 512400
27580 182300
27590 411200
27600 372900
27610 821400
27620 74100
27630 464500
27640 84000
27650 94300
27660 222900
27670 116900
27680 265900
27690 199000
27700 471800
27710 260400
27720 199800
27730 325100
27740 494000
27750 388900
27760 225400
27770 413700
27780 755000
27790 482800
27800 132700
27810 88100
27820 443500
27830 358500
27840 616100
27850 19100
27860 114700
27870 460200
27880 147400
27890 466900
27900 460300
27910 207400
27920 434300
27930 51700
27940 402400
27950 475500
27960 177600
27970 339500
27980 437500
27990 8900
28000 159200
28010 32100
28020 356800
28030 282400
28040 408600
28050 27600
28060 11000
28070 147100
28080 34000
28090 193800
28100 301000
28110 120100
28120 496300
28130 107600
28140 112300
28150 210600
28160 22900
28170 146200
28180 540700
28190 140000
28200 405500
28210 225900
28220 433600
28230 123200
28240 488000
28250 288300
28260 2200
28270 425900
28280 445500
28290 499300
28300 348900
28310 334300
28320 463200
28330 2500
28340 169000
28350 149400
28360 326300
28370 912500
28380 380200
28390 480900
28400 81300
28410 89600
28420 17900
28430 80100
28440 78100
28450 507200
28460 305400
28470 353700
28480 894600
28490 162100
28500 81100
28510 383600
28520 524300
28530 254100
28540 473800
28550 370700
28560 193100
28570 347100
28580 80300
28590 19400
28600 5100
28610 512700
28620 85600
28630 158200
28640 20300
28650 325200
28660 323500
28670 159800
28680 292000
28690 438600
28700 188800
28710 449300
28720 459400
28730 470700
28740 58500
28750 434600
28760 224000
28770 182000
28780 419500
28790 93400
28800 468200
28810 493300
28820 183400
28830 427800
28840 489000
28850 345000
28860 73000
28870 475000
28880 39900
28890 265700
28900 148900
28910 100700
28920 139200
28930 34900
28940 259800
28950 476700
28960 467600
28970 881000
28980 125300
28990 227700
29000 116400
29010 106300
29020 165700
29030 281000
29040 497400
29050 464900
29060 807900
29070 75200
29080 59800
29090 775300
29100 349300
29110 16200
29120 961500
29130 216900
29140 472300
29150 204100
29160 28900
29170 437000
29180 35100
29190 238300
29200 461500
29210 415100
29220 490200
29230 67800
29240 468500
29250 170900
29260 412200
29270 342100
29280 138400
29290 265300
29300 290000
29310 121000
29320 340500
29330 234100
29340 194800
29350 20300
29360 88800
29370 427200
29380 386800
29390 422400
29400 393100
29410 257600
29420 190200
29430 303000
29440 29500
29450 338700
29460 457300
29470 329100
29480 21300
29490 45400
29500 464800
29510 92200
29520 853200
29530 252400
29540 519600
29550 540700
29560 105100
29570 8800
29580 351200
29590 487400
29600 417000
29610 193900
29620 518400
29630 399300
29640 732600
29650 249000
29660 303700
29670 790800
29680 213800
29690 178800
29700 192700
29710 408800
29720 534300
29730 317000
29740 80800
29750 128700
29760 242600
29770 145200
29780 447600
29790 119200
29800 367900
29810 475100
29820 241500
29830 419800
29840 226700
29850 541000
29860 21200
29870 551600
29880 153000
29890 72500
29900 285000
29910 34200
29920 506900
29930 249800
29940 747900
29950 342700
29960 366000
29970 92800
29980 181000
29990 6000
30000 261500
