10 13300
20 13500
30 17900
40 21700
50 26400
60 34500
70 41200
80 45300
90 65400
100 62100
110 71900
120 81000
130 81300
140 85300
150 96600
160 113500
170 118100
180 130300
190 135200
200 145000
210 152500
220 168300
230 188700
240 184200
250 201300
260 203700
270 214000
280 227900
290 242500
300 251400
310 264000
320 283500
330 285800
340 314800
350 319400
360 328100
370 344100
380 364600
390 373800
400 391400
410 395100
420 427000
430 452100
440 461000
450 463900
460 482900
470 490300
480 512200
490 533700
500 549300
510 556900
520 611900
530 602900
540 624600
550 661100
560 671500
570 690900
580 750700
590 742700
600 795600
610 767700
620 784400
630 816700
640 876900
650 882000
660 943400
670 893300
680 930300
690 946200
700 971500
710 1010400
720 1062500
730 1048500
740 1085500
750 1132500
760 1133600
770 1151900
780 1316100
790 1251900
800 1218900
810 1302400
820 1250200
830 1312400
840 1367900
850 1403600
860 1374700
870 1449700
880 1479700
890 1559800
900 1549700
910 1579500
920 1838300
930 1613300
940 1692100
950 1743100
960 1748800
970 1970700
980 1813400
990 1874600
1000 1877600
1010 1893100
1020 2111700
1030 2156900
1040 2156100
1050 2337800
1060 2129800
1070 2155600
1080 2182300
1090 2192500
1100 2243000
1110 2317600
1120 2467600
1130 2514500
1140 2609400
1150 2645600
1160 2522200
1170 2565800
1180 2615300
1190 2606500
1200 2697900
1210 2717300
1220 2788000
1230 2791100
1240 2892200
1250 2919400
1260 3006600
1270 3175000
1280 3006800
1290 3149600
1300 3168200
1310 3098900
1320 3157700
1330 3303400
1340 3371400
1350 3291700
1360 3522200
1370 3344500
1380 3660600
1390 3507400
1400 3671700
1410 3743200
1420 3774400
1430 3771500
1440 3808900
1450 4358500
1460 3852500
1470 3977500
1480 3950000
1490 4041800
1500 4056800
1510 4160900
1520 4169300
1530 4299800
1540 4457600
1550 4538600
1560 4397500
1570 4500800
1580 4651500
1590 4938200
1600 4649100
1610 4756900
1620 4733400
1630 4767600
1640 5115700
1650 5012600
1660 4982500
1670 5190100
1680 5485600
1690 5344900
1700 5339700
1710 5532900
1720 5723700
1730 5653600
1740 6182000
1750 6295500
1760 5701300
1770 6066200
1780 5999400
1790 5754000
1800 5867700
1810 5862600
1820 5898000
1830 6024800
1840 6258700
1850 6585900
1860 6225200
1870 6588600
1880 6392000
1890 6646100
1900 6566600
1910 6808700
1920 6704200
1930 6758800
1940 6923500
1950 6761300
1960 7275300
1970 7224800
1980 7284600
1990 7258600
2000 7784700
2010 7235500
2020 7557400
2030 7313900
2040 7665400
2050 7839700
2060 7684000
2070 7777500
2080 7861000
2090 8322000
2100 8016800
2110 8245900
2120 8454400
2130 8278900
2140 8444000
2150 8314700
2160 8461600
2170 8640400
2180 8410900
2190 8982800
2200 8759100
2210 8836800
2220 9002800
2230 9034200
2240 8908800
2250 9171000
2260 8926000
2270 9567600
2280 9667200
2290 9788000
2300 9508900
2310 9678300
2320 9792900
2330 9779600
2340 10197500
2350 9986500
2360 10113000
2370 10422200
2380 10104200
2390 10523100
2400 10497500
2410 10411000
2420 10546100
2430 10732300
2440 10707200
2450 10777300
2460 11042000
2470 10961200
2480 11228000
2490 11300400
2500 11421100
2510 11324400
2520 11543100
2530 11577900
2540 11758600
2550 11694300
2560 12135000
2570 12184900
2580 11952200
2590 12270200
2600 12389500
2610 12718100
2620 12496600
2630 12903900
2640 13159600
2650 12959600
2660 12567600
2670 13078100
2680 13070200
2690 13065500
2700 13707800
2710 13520700
2720 14033000
2730 13804500
2740 13576400
2750 13581600
2760 13898400
2770 14286700
2780 14169400
2790 14486300
2800 14905600
2810 14724000
2820 14740400
2830 15560200
2840 15136800
2850 14942200
2860 15855600
2870 15609100
2880 15388700
2890 15448500
2900 15858200
2910 15827900
2920 15782800
2930 15543300
2940 16112500
2950 16363000
2960 16490200
2970 16637600
2980 16719000
2990 16757000
3000 17178800
3010 17620100
3020 17088000
3030 17736200
3040 16958500
3050 17276800
3060 17444300
3070 17590900
3080 17542300
3090 17900800
3100 18162200
3110 17729000
3120 18045300
3130 18304600
3140 18404500
3150 18405300
3160 18504600
3170 18871300
3180 18790700
3190 18812700
3200 18751700
3210 19262200
3220 19345300
3230 19633700
3240 19392900
3250 19567500
3260 19685800
3270 20186000
3280 20222300
3290 20046800
3300 20111200
3310 20427000
3320 20707500
3330 20792700
3340 21164700
3350 21267800
3360 21131100
3370 21020200
3380 27187200
3390 21193300
3400 21701800
3410 21551400
3420 22414400
3430 21933600
3440 21963300
3450 22225300
3460 22899200
3470 22851000
3480 22067500
3490 22484600
3500 23144200
3510 23216400
3520 22697100
3530 22916400
3540 22959600
3550 23330400
3560 23679600
3570 24552900
3580 23557800
3590 23908300
3600 24211400
3610 23816700
3620 24144000
3630 24595000
3640 25417200
3650 24631400
3660 25011500
3670 25345700
3680 25103400
3690 25260900
3700 25544900
3710 26208600
3720 25693400
3730 25813200
3740 26557000
3750 26269300
3760 26644400
3770 26640900
3780 26435800
3790 26440200
3800 27968000
3810 27564100
3820 26967100
3830 28069700
3840 27774400
3850 28166200
3860 28295100
3870 29205800
3880 28087000
3890 28192100
3900 27540200
3910 28328600
3920 28540400
3930 28465500
3940 28858100
3950 30030500
3960 29802800
3970 29954800
3980 29683700
3990 29600200
4000 29804300
4010 29571300
4020 30758800
4030 30453100
4040 30725100
4050 30502100
4060 30870600
4070 30323300
4080 30671000
4090 30865600
4100 31648100
4110 31068600
4120 31452200
4130 31959100
4140 32613000
4150 31653100
4160 32555800
4170 31857400
4180 31971500
4190 32837100
4200 33036800
4210 33606800
4220 35022900
4230 33025200
4240 33968000
4250 33478100
4260 34050500
4270 33783100
4280 33468000
4290 34486700
4300 34344400
4310 34331800
4320 35156500
4330 34834200
4340 35324200
4350 36109900
4360 35234400
4370 36045900
4380 35391200
4390 36731600
4400 36141000
4410 36040100
4420 36539700
4430 36380700
4440 37214100
4450 37195000
4460 37305800
4470 37212900
4480 37554000
4490 37861400
4500 37678500
4510 38282700
4520 38492700
4530 38540200
4540 38997200
4550 38708700
4560 38766300
4570 39043000
4580 39223900
4590 39315200
4600 39803200
4610 39571700
4620 40167600
4630 39168600
4640 39523200
4650 40312700
4660 40595200
4670 41617800
4680 40842000
4690 41267200
4700 41727100
4710 41610000
4720 41632200
4730 41897200
4740 42662700
4750 41709500
4760 42797600
4770 42397700
4780 43093900
4790 42457200
4800 43002100
4810 43381300
4820 44110100
4830 43945000
4840 44497300
4850 44597300
4860 44103900
4870 44541000
4880 44685100
4890 44749900
4900 45296100
4910 46133500
4920 45974200
4930 45764100
4940 46151000
4950 46061700
4960 46113200
4970 46888500
4980 46829100
4990 47608100
5000 46360700
5010 47259200
5020 47486500
5030 46808400
5040 47460600
5050 48527600
5060 48381900
5070 48957700
5080 48657800
5090 49732500
5100 47958900
5110 49006400
5120 50046700
5130 49582300
5140 49864200
5150 50241600
5160 50527200
5170 49588800
5180 50947200
5190 50972200
5200 51300200
5210 51820100
5220 51638200
5230 51851800
5240 51233200
5250 51574500
5260 51843000
5270 52714500
5280 52288200
5290 53704900
5300 53275200
5310 54593900
5320 55017000
5330 54214200
5340 53630000
5350 53856900
5360 55094600
5370 54510500
5380 56926700
5390 54330700
5400 55450400
5410 55248500
5420 55026300
5430 57425600
5440 55490100
5450 56579200
5460 55863000
5470 58635100
5480 57100200
5490 57223200
5500 59021000
5510 57441900
5520 57999300
5530 57773600
5540 58069000
5550 59471800
5560 58798800
5570 58479100
5580 58789700
5590 59192500
5600 59821400
5610 60295800
5620 59605700
5630 59763400
5640 60823700
5650 60253900
5660 61513600
5670 60758600
5680 60904100
5690 61901800
5700 62770400
5710 62187600
5720 63699700
5730 62022100
5740 62511700
5750 62071100
5760 64041700
5770 63010100
5780 63761500
5790 64339700
5800 64049900
5810 66183400
5820 66449700
5830 65089300
5840 64281200
5850 65086300
5860 65771000
5870 64818600
5880 66808100
5890 65485500
5900 65443000
5910 66627800
5920 69500700
5930 69954600
5940 68157600
5950 68659500
5960 67819600
5970 66973900
5980 68349300
5990 69844200
6000 69884200
6010 68319200
6020 69553100
6030 69424100
6040 69739000
6050 70578000
6060 68532900
6070 69768200
6080 70189000
6090 68687800
6100 72472100
6110 71781400
6120 72142900
6130 72274000
6140 72203000
6150 73080700
6160 71562100
6170 73322500
6180 81158200
6190 76899500
6200 79015900
6210 74878800
6220 75036300
6230 74305300
6240 74337400
6250 79539700
6260 73539800
6270 73499300
6280 76295900
6290 75385100
6300 76414900
6310 76294700
6320 75446800
6330 76170100
6340 84473700
6350 83308800
6360 77749800
6370 78469800
6380 78406100
6390 78497500
6400 78003200
6410 80459400
6420 77875700
6430 79188200
6440 79620500
6450 81172000
6460 80748400
6470 83927700
6480 82217400
6490 82200500
6500 82627800
6510 81369000
6520 82703900
6530 81868900
6540 82193300
6550 81429200
6560 81548500
6570 85813500
6580 85741400
6590 84940900
6600 86801600
6610 85471100
6620 88168400
6630 86990500
6640 86638400
6650 89250400
6660 89212300
6670 90642200
6680 88394200
6690 87221400
6700 87823400
6710 93227200
6720 87514500
6730 87183100
6740 94008500
6750 92850400
6760 90481800
6770 90683200
6780 91116500
6790 92639500
6800 90040800
6810 91419000
6820 91344100
6830 90649800
6840 95034900
6850 91919000
6860 93902900
6870 96269200
6880 91368000
6890 91490200
6900 93446600
6910 96774400
6920 95134900
6930 94843900
6940 94484000
6950 96680700
6960 96057000
6970 95349900
6980 111211700
6990 99680900
7000 97978800
7010 97826600
7020 105045200
7030 97054300
7040 99413500
7050 98789700
7060 98635700
7070 97487400
7080 100264600
7090 111448000
7100 112474300
7110 100191700
7120 99187000
7130 103331800
7140 103743200
7150 110178200
7160 110067000
7170 104971500
7180 105265200
7190 104353900
7200 107112200
7210 108675500
7220 106678600
7230 102351500
7240 102241200
7250 103516900
7260 101780400
7270 106676400
7280 104944900
7290 107850900
7300 105018700
7310 104801200
7320 107707800
7330 104304700
7340 104986100
7350 104516100
7360 106777300
7370 107179000
7380 105674700
7390 105810900
7400 106948300
7410 107582500
7420 118123700
7430 108940200
7440 105966100
7450 117215200
7460 110396500
7470 112185800
7480 111357400
7490 109455700
7500 111377000
7510 112597300
7520 112215000
7530 111765400
7540 111786000
7550 111378100
7560 112819800
7570 112943900
7580 114047200
7590 114759200
7600 116292000
7610 114585000
7620 118874200
7630 118142100
7640 114152300
7650 115719700
7660 114880000
7670 127254500
7680 116469600
7690 115196800
7700 116696700
7710 115899200
7720 120926200
7730 117585400
7740 119636900
7750 119770800
7760 124423200
7770 120657100
7780 122104700
7790 122597900
7800 121836600
7810 120988800
7820 120891000
7830 122833300
7840 122650300
7850 123801700
7860 120380200
7870 120225600
7880 120768800
7890 121244100
7900 127084600
7910 127550000
7920 123345500
7930 122421400
7940 124359600
7950 124301600
7960 124109900
7970 122558800
7980 124558500
7990 124466600
8000 123904500
8010 127232100
8020 125033800
8030 127048800
8040 129378200
8050 127903100
8060 125507700
8070 138680700
8080 128831600
8090 129998000
8100 134774200
8110 133177100
8120 132841400
8130 132559200
8140 133203900
8150 131893300
8160 134560300
8170 133705900
8180 135272400
8190 133530600
8200 132968700
8210 134255100
8220 137003200
8230 135238200
8240 138672400
8250 137030600
8260 141971100
8270 139853000
8280 141323800
8290 140656400
8300 146318100
8310 141682600
8320 142804400
8330 149152500
8340 140096300
8350 141088400
8360 142103200
8370 143613100
8380 151778600
8390 151844900
8400 156284600
8410 156855100
8420 150984700
8430 145859800
8440 147470100
8450 145167600
8460 145365500
8470 150137800
8480 148548300
8490 148464200
8500 150439200
8510 149542200
8520 159274300
8530 146051000
8540 154829600
8550 154775000
8560 152836600
8570 158509200
8580 150302200
8590 155391500
8600 149760900
8610 150897700
8620 157045700
8630 158658000
8640 150188700
8650 159358600
8660 151713400
8670 157084300
8680 160963600
8690 154715200
8700 155325200
8710 156448200
8720 162323700
8730 162392000
8740 160707700
8750 168814900
8760 163934500
8770 171182500
8780 164220900
8790 159057200
8800 160688500
8810 163301400
8820 178603600
8830 160437400
8840 166908100
8850 164211100
8860 172017000
8870 161609600
8880 162283800
8890 161138700
8900 165402400
8910 162255300
8920 164638400
8930 164404000
8940 165642400
8950 172733200
8960 164098200
8970 165824900
8980 160315600
8990 161621900
9000 163526700
9010 162944000
9020 167839400
9030 166309800
9040 185577500
9050 169242300
9060 169077000
9070 166225500
9080 168399900
9090 176779500
9100 193197500
9110 168988100
9120 173321000
9130 168738500
9140 168907900
9150 173473400
9160 173713600
9170 171931800
9180 182112700
9190 171430100
9200 176452500
9210 176126400
9220 182419800
9230 178183300
9240 188757800
9250 175796400
9260 193292700
9270 189080000
9280 179473700
9290 176467400
9300 176310200
9310 175425400
9320 203193500
9330 195003600
9340 186615400
9350 190444600
9360 187369900
9370 192250700
9380 196341200
9390 190324900
9400 189673400
9410 190881200
9420 194111000
9430 190697000
9440 195935600
9450 194859100
9460 188669000
9470 194491200
9480 192819300
9490 198303400
9500 191642000
9510 196840700
9520 192876000
9530 190418000
9540 191543100
9550 202252100
9560 197276500
9570 198669300
9580 208348100
9590 197441700
9600 194519700
9610 197206500
9620 201067100
9630 202796600
9640 212962200
9650 202388400
9660 199960100
9670 198486200
9680 202574100
9690 201307300
9700 203165100
9710 201849900
9720 200534000
9730 202479900
9740 204233600
9750 201961200
9760 203397300
9770 207788500
9780 205534300
9790 209694500
9800 209995300
9810 211702500
9820 210342600
9830 221382200
9840 207234900
9850 218044300
9860 209830300
9870 213821800
9880 213309200
9890 212953000
9900 211823000
9910 207489200
9920 214516500
9930 216062000
9940 214264200
9950 231836000
9960 230930700
9970 257258500
9980 211817300
9990 230564100
10000 234753400
10010 217030900
10020 229266700
10030 235204900
10040 223641600
10050 252926900
10060 223787100
10070 243088900
10080 225941600
10090 224001800
10100 218936600
10110 228259400
10120 227111200
10130 228055400
10140 226594300
10150 225820400
10160 221675800
10170 225430900
10180 231711900
10190 225114800
10200 226900400
10210 234315600
10220 237847900
10230 234533100
10240 237434500
10250 232485400
10260 239097700
10270 233014000
10280 259274600
10290 241880300
10300 255086700
10310 253406300
10320 236035100
10330 240440900
10340 244095200
10350 234983700
10360 248630700
10370 242666500
10380 255401900
10390 252522500
10400 249611800
10410 244407400
10420 245466800
10430 248962400
10440 237296300
10450 245848500
10460 234886300
10470 257140000
10480 243144000
10490 239779100
10500 244252000
10510 244079300
10520 245652700
10530 245833500
10540 250449500
10550 246563000
10560 262158300
10570 255368700
10580 248848800
10590 243310300
10600 248925200
10610 253582200
10620 246918000
10630 255836100
10640 248352800
10650 254220100
10660 254989300
10670 245078600
10680 255045200
10690 283345300
10700 261313800
10710 253616700
10720 256803300
10730 262070500
10740 259074800
10750 268656200
10760 266454500
10770 258968600
10780 262666600
10790 260733600
10800 262278700
10810 261837100
10820 261984500
10830 259723900
10840 262425700
10850 277998500
10860 277847400
10870 273684900
10880 256706400
10890 270158200
10900 268873700
10910 270765300
10920 272773700
10930 277247900
10940 284001900
10950 271619500
10960 273887500
10970 296657800
10980 294160600
10990 285499400
11000 289590100
11010 297175900
11020 296793600
11030 291889800
11040 288656000
11050 278575600
11060 293424300
11070 289292300
11080 282903400
11090 296317400
11100 295628100
11110 285719100
11120 289332100
11130 289404300
11140 286893700
11150 284867000
11160 291347700
11170 297374600
11180 289026300
11190 293644900
11200 295632600
11210 290202400
11220 293773700
11230 293129300
11240 294085900
11250 295275100
11260 300130400
11270 294673800
11280 296104300
11290 300968000
11300 299878400
11310 296321800
11320 296906600
11330 295909800
11340 298676600
11350 299702900
11360 297675200
11370 299835500
11380 300930200
11390 302471000
11400 304590500
11410 300315500
11420 303319800
11430 306491200
11440 306294400
11450 304877300
11460 307117900
11470 309352400
11480 307914300
11490 308612800
11500 308643400
11510 305617600
11520 309796200
11530 315291200
11540 315726800
11550 311098700
11560 309567300
11570 314088200
11580 314211200
11590 316345900
11600 314276200
11610 315430100
11620 319714300
11630 316591000
11640 320732200
11650 330045500
11660 320152100
11670 317836800
11680 326106400
11690 325784200
11700 323716800
11710 332082100
11720 332629100
11730 330112500
11740 330885600
11750 349614000
11760 345917000
11770 327125000
11780 333811400
11790 331106100
11800 330843700
11810 331865600
11820 328488400
11830 336192300
11840 331369000
11850 336502700
11860 345963600
11870 336137200
11880 338993900
11890 336843900
11900 342797800
11910 339520700
11920 348502400
11930 338078600
11940 333867400
11950 338458600
11960 346746800
11970 340294200
11980 349907600
11990 343393800
12000 347108600
12010 341904000
12020 343075800
12030 349771700
12040 350866400
12050 348840300
12060 351718200
12070 350209600
12080 356972900
12090 354438200
12100 358551000
12110 354036600
12120 350867500
12130 363069900
12140 356045300
12150 349473900
12160 355736100
12170 356175400
12180 354819400
12190 360986300
12200 364108500
12210 360584300
12220 362141500
12230 367352400
12240 358755200
12250 361949000
12260 358986400
12270 363723000
12280 364591700
12290 364941200
12300 367442700
12310 368686100
12320 373258800
12330 377781000
12340 373718300
12350 366678700
12360 368018400
12370 368306300
12380 372590800
12390 371396900
12400 375708200
12410 371088600
12420 374441500
12430 377244700
12440 377671000
12450 379505100
12460 377437700
12470 376216400
12480 384298200
12490 381056100
12500 379161600
12510 386870000
12520 386419900
12530 381231700
12540 382960400
12550 384961500
12560 387699400
12570 391925700
12580 390369500
12590 390755700
12600 391708300
12610 399575400
12620 390362000
12630 392279500
12640 388377900
12650 392427400
12660 391558400
12670 394735600
12680 392433000
12690 397993600
12700 398245700
12710 404381400
12720 404414900
12730 407335200
12740 394223800
12750 400837900
12760 395084200
12770 402612600
12780 404708700
12790 403177100
12800 409457700
12810 409825800
12820 411171400
12830 413768100
12840 411245000
12850 411401200
12860 414194500
12870 415026200
12880 408578900
12890 410217800
12900 415933100
12910 414499500
12920 414600600
12930 410551000
12940 417213100
12950 421647100
12960 419414500
12970 421938300
12980 418701600
12990 418865600
13000 417080700
13010 419789000
13020 428903100
13030 422879000
13040 424740400
13050 436817300
13060 434766700
13070 426963400
13080 436971200
13090 433800200
13100 426970000
13110 427664300
13120 432409500
13130 425123600
13140 435002500
13150 433108400
13160 436748800
13170 437569500
13180 436859500
13190 443226500
13200 455780400
13210 446773900
13220 444312600
13230 443909600
13240 445759000
13250 440045200
13260 445797700
13270 446006400
13280 446233000
13290 460424100
13300 448405000
13310 447821700
13320 451678500
13330 451346000
13340 446188500
13350 451797300
13360 448253700
13370 454616800
13380 458499100
13390 459726700
13400 452891100
13410 465456200
13420 463876200
13430 461427100
13440 464470000
13450 465941600
13460 464024300
13470 459641900
13480 462270900
13490 468122200
13500 463485500
13510 465738200
13520 461865500
13530 460500800
13540 478697400
13550 471461600
13560 470698900
13570 469111000
13580 472403800
13590 479697700
13600 483366700
13610 478414600
13620 470059500
13630 474211200
13640 483546000
13650 481567500
13660 480215700
13670 482989200
13680 484320500
13690 484614200
13700 490895700
13710 479380300
13720 493104500
13730 492304700
13740 498597400
13750 514042400
13760 491659500
13770 486674300
13780 492101100
13790 498393200
13800 491149200
13810 494344500
13820 492557700
13830 500807300
13840 490295800
13850 490233100
13860 497361900
13870 495249400
13880 502550900
13890 513034900
13900 500822200
13910 500927800
13920 506251200
13930 504999800
13940 503622800
13950 511156700
13960 513279600
13970 512625400
13980 515601200
13990 512338600
14000 509266500
14010 508641500
14020 509600900
14030 513120900
14040 509713200
14050 510174100
14060 516312700
14070 515739500
14080 521359000
14090 518601100
14100 521387000
14110 526724300
14120 521925800
14130 531915200
14140 533895400
14150 531940100
14160 530883600
14170 533422000
14180 532499600
14190 537719300
14200 530850700
14210 525633100
14220 535330100
14230 533352300
14240 539705800
14250 541318900
14260 540033300
14270 544673600
14280 543333800
14290 532169900
14300 540863200
14310 544900700
14320 546125800
14330 541787200
14340 543776200
14350 541597100
14360 546387100
14370 551559600
14380 555152900
14390 549825000
14400 557392700
14410 551648400
14420 556570900
14430 556149800
14440 548727600
14450 552747400
14460 557737100
14470 551713200
14480 553331000
14490 560544400
14500 570241600
14510 560040500
14520 561985700
14530 567475800
14540 568053500
14550 560411300
14560 565643100
14570 559623100
14580 569020900
14590 567650200
14600 572695300
14610 569600100
14620 576645800
14630 573098700
14640 575487000
14650 573746200
14660 573003200
14670 573960000
14680 583100000
14690 576980600
14700 580778400
14710 576556200
14720 579190300
14730 584892800
14740 581265800
14750 581830500
14760 587770900
14770 588668100
14780 584229000
14790 600783700
14800 589446700
14810 592740300
14820 587735800
14830 585059300
14840 598623900
14850 588713800
14860 585365300
14870 598502200
14880 592472300
14890 609903600
14900 603994800
14910 597927300
14920 600773600
14930 600153000
14940 608416600
14950 615462100
14960 612242500
14970 602585000
14980 611575100
14990 609595300
15000 609365000
15010 621531000
15020 613806100
15030 610008900
15040 611789100
15050 618155800
15060 614697400
15070 614326100
15080 614558600
15090 620148200
15100 615351900
15110 622067700
15120 627280300
15130 617666200
15140 627058000
15150 635908900
15160 619704600
15170 629257600
15180 632696200
15190 639875000
15200 635672200
15210 637771000
15220 633323900
15230 628668300
15240 631631400
15250 637237400
15260 644165700
15270 646747900
15280 655630500
15290 648822800
15300 647965500
15310 645904400
15320 640004200
15330 642205100
15340 662124800
15350 657658200
15360 661162300
15370 649868000
15380 658558800
15390 660742100
15400 659397500
15410 658622700
15420 654242600
15430 666575100
15440 672311800
15450 662083600
15460 659249500
15470 667060400
15480 663220600
15490 660375500
15500 656657000
15510 662605300
15520 665273300
15530 665578700
15540 667868100
15550 670309500
15560 674209300
15570 676284100
15580 671484300
15590 677731300
15600 681726700
15610 678600300
15620 675685300
15630 690439800
15640 679362600
15650 682443800
15660 681889900
15670 676207400
15680 688489600
15690 680012900
15700 679896300
15710 681146900
15720 685859500
15730 687230900
15740 691093200
15750 683286200
15760 699890600
15770 688313000
15780 697428600
15790 694469500
15800 705668300
15810 705599200
15820 688882600
15830 695997400
15840 706768000
15850 709151000
15860 707075500
15870 702643200
15880 706679600
15890 712573400
15900 700360600
15910 716133000
15920 706231400
15930 712057200
15940 708648500
15950 714784400
15960 729028800
15970 727035500
15980 720034600
15990 720326700
16000 713807100
16010 715003100
16020 733776500
16030 737537200
16040 738419100
16050 739410400
16060 736326100
16070 723922600
16080 735309100
16090 739193300
16100 734919900
16110 735601500
16120 738839500
16130 747418700
16140 747381800
16150 734226300
16160 733719700
16170 739978600
16180 742745600
16190 749240700
16200 737520200
16210 745751900
16220 736581300
16230 765812400
16240 744874500
16250 751078100
16260 756372500
16270 743719300
16280 740856600
16290 747091700
16300 756622000
16310 761157300
16320 760850100
16330 758647100
16340 761235400
16350 759632600
16360 756308300
16370 774640000
16380 770152700
16390 770727300
16400 765383100
16410 769324900
16420 776837000
16430 773168600
16440 779228900
16450 773391500
16460 764167500
16470 791546500
16480 774721400
16490 775925000
16500 786340500
16510 788308800
16520 790439500
16530 787981300
16540 777124900
16550 786551200
16560 783910400
16570 799565200
16580 799851300
16590 802837700
16600 785799500
16610 797499700
16620 798822300
16630 803179400
16640 796048400
16650 802498800
16660 832722900
16670 787204600
16680 804355600
16690 812660100
16700 804223700
16710 810216600
16720 812513600
16730 803918500
16740 821077000
16750 806077100
16760 821997900
16770 817814000
16780 818785000
16790 822780600
16800 813923000
16810 831984300
16820 836715300
16830 832879800
16840 835512900
16850 831463800
16860 826849000
16870 828646900
16880 835589900
16890 825334000
16900 828103100
16910 828705100
16920 834998400
16930 849820700
16940 838658300
16950 840904600
16960 843542200
16970 844302300
16980 839109100
16990 837572700
17000 841919500
17010 846679200
17020 855320000
17030 865759600
17040 845732200
17050 867039300
17060 854366000
17070 854248700
17080 860656000
17090 861862100
17100 857097700
17110 878984700
17120 849347900
17130 862050200
17140 877797900
17150 881453200
17160 866273800
17170 873650300
17180 868577900
17190 869224200
17200 873136900
17210 871658800
17220 878874000
17230 869469100
17240 885716000
17250 879275200
17260 870895700
17270 880662300
17280 888819400
17290 895952700
17300 881204800
17310 886268700
17320 898899900
17330 889690900
17340 879719800
17350 893909200
17360 883510300
17370 891151600
17380 889673700
17390 890890800
17400 896487900
17410 898923800
17420 893311100
17430 900967700
17440 896074200
17450 907810400
17460 893893100
17470 916492400
17480 913625800
17490 901229800
17500 919050500
17510 917203600
17520 919451900
17530 918015300
17540 924716800
17550 914514400
17560 923162000
17570 915236300
17580 929523300
17590 925127000
17600 917218700
17610 915959300
17620 929367700
17630 934305800
17640 940938600
17650 918455000
17660 924776600
17670 941282500
17680 924656900
17690 939932400
17700 926736500
17710 946144900
17720 926130200
17730 933568900
17740 949643700
17750 945974300
17760 951606100
17770 953197400
17780 951859200
17790 947978700
17800 941715500
17810 939119000
17820 953235500
17830 948309300
17840 954383400
17850 972971300
17860 961654600
17870 955970800
17880 959084000
17890 971330000
17900 974936800
17910 971368600
17920 976447300
17930 970190800
17940 981971400
17950 967308900
17960 959573000
17970 971841900
17980 965636300
17990 983871000
18000 965717700
18010 980263600
18020 988715600
18030 980057400
18040 997169100
18050 976637800
18060 991357800
18070 996070900
18080 994182300
18090 992447500
18100 1005913500
18110 992336900
18120 1003886200
18130 1005403600
18140 996524900
18150 989464400
18160 1001330900
18170 1000409600
18180 1002472100
18190 998897600
18200 1006261200
18210 1010542300
18220 1029971800
18230 1013208800
18240 1022590000
18250 1027183300
18260 1040969800
18270 1023411700
18280 1016620500
18290 1042640600
18300 1046922800
18310 1030946200
18320 1041929300
18330 1037433000
18340 1055282100
18350 1043061500
18360 1071656600
18370 1028081300
18380 1049349700
18390 1051189100
18400 1054723500
18410 1063168400
18420 1057947900
18430 1063057400
18440 1052216200
18450 1046427100
18460 1065831600
18470 1147936300
18480 1078843700
18490 1061609800
18500 1065892800
18510 1078859000
18520 1062147800
18530 1063393300
18540 1062011600
18550 1067525300
18560 1062852500
18570 1072991200
18580 1074261300
18590 1093978400
18600 1088774200
18610 1104806600
18620 1107945800
18630 1079733300
18640 1082995000
18650 1077326100
18660 1092384700
18670 1071315100
18680 1096168700
18690 1091872700
18700 1076905400
18710 1087143300
18720 1090151000
18730 1102481600
18740 1112981000
18750 1089682200
18760 1102609100
18770 1104724000
18780 1101204700
18790 1103624200
18800 1102536800
18810 1110011100
18820 1096748100
18830 1102963700
18840 1104657800
18850 1112527200
18860 1101964600
18870 1101875800
18880 1117977200
18890 1181564000
18900 1128355700
18910 1113670500
18920 1097151200
18930 1115941400
18940 1180934000
18950 1124200500
18960 1132601500
18970 1132676400
18980 1157021500
18990 1147629900
19000 1155936600
19010 1159715100
19020 1129697200
19030 1137866500
19040 1137140700
19050 1125326900
19060 1130279700
19070 1127860500
19080 1137298600
19090 1136784400
19100 1138907600
19110 1140734400
19120 1134017100
19130 1144199400
19140 1156940100
19150 1135549900
19160 1163135900
19170 1153002000
19180 1155365400
19190 1152213500
19200 1158337600
19210 1144133800
19220 1156392100
19230 1154383100
19240 1165940100
19250 1152170800
19260 1162169200
19270 1183099800
19280 1181329000
19290 1170556500
19300 1188875000
19310 1164577500
19320 1177457500
19330 1194037800
19340 1190970900
19350 1205973200
19360 1187545000
19370 1178979000
19380 1193166300
19390 1183722300
19400 1186083100
19410 1182883800
19420 1184786800
19430 1191985400
19440 1194002800
19450 1219691600
19460 1194519100
19470 1198792300
19480 1192219700
19490 1197845500
19500 1211513900
19510 1198440800
19520 1204764300
19530 1194702900
19540 1196296900
19550 1213183400
19560 1225880800
19570 1220537700
19580 1223377200
19590 1221535200
19600 1213472700
19610 1226856400
19620 1219851500
19630 1216911200
19640 1217399600
19650 1219587600
19660 1230021900
19670 1229119200
19680 1234059100
19690 1234843800
19700 1234045700
19710 1225601300
19720 1232163100
19730 1254941600
19740 1230749900
19750 1241298700
19760 1242011800
19770 1237655100
19780 1232109200
19790 1243521600
19800 1242103800
19810 1237250400
19820 1251598800
19830 1251762400
19840 1262289600
19850 1256197100
19860 1266265900
19870 1281786000
19880 1259005900
19890 1270129500
19900 1271123200
19910 1273244800
19920 1265177100
19930 1276849400
19940 1273860200
19950 1273582200
19960 1263054400
19970 1293282800
19980 1287029500
19990 1281720500
20000 1274914400
20010 1271971500
20020 1288055400
20030 1305897200
20040 1304037200
20050 1277574900
20060 1285342100
20070 1281838400
20080 1279245800
20090 1293134400
20100 1301962500
20110 1287167800
20120 1296415700
20130 1292634500
20140 1302289300
20150 1293279800
20160 1314082400
20170 1297614700
20180 1324922500
20190 1306426800
20200 1289107100
20210 1312298200
20220 1321662600
20230 1346169300
20240 1346463000
20250 1322975200
20260 1309649900
20270 1307754100
20280 1310582300
20290 1319632500
20300 1325339700
20310 1314772000
20320 1327722400
20330 1323723000
20340 1347344600
20350 1333012600
20360 1337406000
20370 1344453900
20380 1346634100
20390 1343516300
20400 1342317800
20410 1355296200
20420 1340790100
20430 1358811100
20440 1354128700
20450 1371191400
20460 1360989200
20470 1361709100
20480 1342680600
20490 1359879100
20500 1347101900
20510 1354251000
20520 1360548500
20530 1371247000
20540 1362946000
20550 1367124500
20560 1370405300
20570 1382843200
20580 1389282300
20590 1402924700
20600 1387552100
20610 1399917000
20620 1415238000
20630 1405794800
20640 1411063600
20650 1389195700
20660 1401359000
20670 1409451900
20680 1398291000
20690 1401499800
20700 1394104100
20710 1416780900
20720 1384639500
20730 1409674100
20740 1390456200
20750 1409555900
20760 1404540100
20770 1421807600
20780 1404282900
20790 1401491100
20800 1392602400
20810 1429699500
20820 1410694800
20830 1415339600
20840 1417613500
20850 1411968900
20860 1401517000
20870 1426236900
20880 1415072500
20890 1444994200
20900 1422745300
20910 1432334400
20920 1429992000
20930 1432802100
20940 1439399400
20950 1439347600
20960 1428624500
20970 1442135100
20980 1434699400
20990 1438765800
21000 1453353200
21010 1454439100
21020 1435582400
21030 1454066900
21040 1457774100
21050 1462886700
21060 1445971600
21070 1471928500
21080 1456129800
21090 1473828400
21100 1465514100
21110 1486846000
21120 1455204000
21130 1464958000
21140 1489392000
21150 1478976500
21160 1451528100
21170 1475466100
21180 1472432600
21190 1470958700
21200 1482677000
21210 1495248900
21220 1477478300
21230 1491605200
21240 1494831800
21250 1486374000
21260 1493406100
21270 1474403300
21280 1488849200
21290 1497573700
21300 1489637000
21310 1497809300
21320 1513406700
21330 1509751700
21340 1502012000
21350 1497251800
21360 1503643100
21370 1502008200
21380 1513802600
21390 1515007200
21400 1514941800
21410 1503469700
21420 1507683800
21430 1507326300
21440 1510101800
21450 1522324200
21460 1534064400
21470 1527328100
21480 1548958600
21490 1526062600
21500 1532328200
21510 1537501600
21520 1528781400
21530 1547580100
21540 1548793700
21550 1547288700
21560 1548384400
21570 1554293200
21580 1543220700
21590 1566076700
21600 1562085500
21610 1559127100
21620 1553616500
21630 1556070800
21640 1547844200
21650 1555974600
21660 1556148600
21670 1568079900
21680 1565304600
21690 1561746500
21700 1568696800
21710 1579538000
21720 1568926800
21730 1581501500
21740 1563087300
21750 1575011500
21760 1589641300
21770 1569167600
21780 1578509200
21790 1572203600
21800 1612151400
21810 1590311200
21820 1587431900
21830 1599390900
21840 1584246100
21850 1606937700
21860 1604777700
21870 1587497300
21880 1590780600
21890 1595727600
21900 1610071600
21910 1604454000
21920 1625615000
21930 1604237400
21940 1615027900
21950 1622783600
21960 1605791800
21970 1599927000
21980 1605206300
21990 1609493900
22000 1605511500
22010 1640289000
22020 1619209900
22030 1637725700
22040 1635446400
22050 1635744100
22060 1642773400
22070 1627987600
22080 1632267400
22090 1643277700
22100 1649747300
22110 1641570500
22120 1660361100
22130 1662618200
22140 1651039900
22150 1641058700
22160 1644423100
22170 1627574600
22180 1643384200
22190 1667003300
22200 1669753000
22210 1654598500
22220 1661301800
22230 1655390500
22240 1673122900
22250 1669222600
22260 1665462900
22270 1654378700
22280 1669294700
22290 1666892100
22300 1685207700
22310 1698161200
22320 1687693000
22330 1681817000
22340 1691822000
22350 1669119400
22360 1697919600
22370 1696146100
22380 1665134300
22390 1686920600
22400 1689458200
22410 1695891800
22420 1705436000
22430 1704157300
22440 1696101500
22450 1719957400
22460 1709545000
22470 1702906800
22480 1719497300
22490 1714287700
22500 1718821200
22510 1718573300
22520 1707661900
22530 1724316000
22540 1727547100
22550 1738396100
22560 1756016000
22570 1740320800
22580 1753059900
22590 1723205000
22600 1728215700
22610 1751922800
22620 1734480500
22630 1736191100
22640 1749776000
22650 1743251900
22660 1751338300
22670 1753046900
22680 1764892100
22690 1766003000
22700 1738882700
22710 1770324300
22720 1753168600
22730 1759365800
22740 1757900400
22750 1762722300
22760 1763101100
22770 1778040100
22780 1772885000
22790 1765467400
22800 1770646500
22810 1766370900
22820 1767883400
22830 1787669900
22840 1777491300
22850 1789419300
22860 1780798400
22870 1800828000
22880 1793005800
22890 1776577100
22900 1790785800
22910 1819242700
22920 1797335200
22930 1792288000
22940 1792046100
22950 1792852700
22960 1791309900
22970 1797308600
22980 1807733000
22990 1827508400
23000 1814038200
23010 1842973100
23020 1831106700
23030 1809335400
23040 1832771000
23050 1830820100
23060 1820855800
23070 1842910700
23080 1827520700
23090 1827014800
23100 1813944700
23110 1825377700
23120 1823550000
23130 1832668900
23140 1828444800
23150 1842443400
23160 1837872300
23170 1833344300
23180 1857324600
23190 1842856900
23200 1844384700
23210 1839568200
23220 1842724300
23230 1873687600
23240 1849539800
23250 1859666500
23260 1865942500
23270 1864902300
23280 1849581400
23290 1878600800
23300 1882309900
23310 1897705600
23320 1872503000
23330 1882526500
23340 1883614200
23350 1900940000
23360 1897213000
23370 1883815200
23380 1882062900
23390 1899376800
23400 1898932400
23410 1895803700
23420 1885159800
23430 1882481400
23440 1893818400
23450 1897039400
23460 1883939900
23470 1897879600
23480 1925282500
23490 1898511900
23500 1904667000
23510 1942834400
23520 1917058300
23530 1937531600
23540 1941249900
23550 1939765700
23560 1934600800
23570 1957440200
23580 1957071300
23590 1941332300
23600 1948488900
23610 1926556900
23620 1961532000
23630 1942905000
23640 1958893600
23650 1973104200
23660 1956993400
23670 1979671900
23680 1990605900
23690 1975998500
23700 1967065500
23710 1984055500
23720 1974398400
23730 1978793400
23740 1950656000
23750 1967853500
23760 2001679500
23770 1958545100
23780 1985914300
23790 1991615000
23800 1990612500
23810 1989446400
23820 1989489800
23830 2003797800
23840 2013778600
23850 2036840300
23860 1980412900
23870 1983234800
23880 1987360100
23890 1985738800
23900 1994469900
23910 1986711800
23920 2001932300
23930 1997537900
23940 1998852700
23950 1995676200
23960 1995565500
23970 2008856700
23980 1997612200
23990 2005798100
24000 2017165000
24010 2009067900
24020 2026464800
24030 2014190200
24040 2034967400
24050 2028992200
24060 2008319400
24070 1996777000
24080 2011688500
24090 2018343100
24100 2035861700
24110 2010971800
24120 2059171300
24130 2064167900
24140 2042875500
24150 2032596900
24160 2044551100
24170 2071177000
24180 2041165000
24190 2044559000
24200 2049781700
24210 2047636100
24220 2065413000
24230 2064202700
24240 2045812600
24250 2063151300
24260 2067520400
24270 2043241300
24280 2079162200
24290 2059100300
24300 2052110200
24310 2069013700
24320 2086903300
24330 2079475600
24340 2086150000
24350 2078444400
24360 2094037500
24370 2091797700
24380 2086892300
24390 2085233500
24400 2106085300
24410 2109137600
24420 2086307600
24430 2103855700
24440 2118774600
24450 2110815200
24460 2081543900
24470 2119584900
24480 2128162500
24490 2120880600
24500 2129439200
24510 2128338400
24520 2098255200
24530 2106945500
24540 2116822300
24550 2151592400
24560 2156629600
24570 2123967300
24580 2141099200
24590 2124766300
24600 2154661700
24610 2130420000
24620 2128144400
24630 2152958300
24640 2153202800
24650 2139796400
24660 2131525200
24670 2135268900
24680 2141799600
24690 2156005500
24700 2158135600
24710 2126041500
24720 2178501300
24730 2171333600
24740 2172720300
24750 2130604700
24760 2171114000
24770 2173355100
24780 2179590800
24790 2174851700
24800 2149984800
24810 2175332500
24820 2163623000
24830 2175840400
24840 2172673700
24850 2188174500
24860 2198506300
24870 2191138900
24880 2196474100
24890 2192520500
24900 2204814200
24910 2194831300
24920 2196020700
24930 2172785300
24940 2199075500
24950 2208006900
24960 2169213300
24970 2180861400
24980 2222167500
24990 2206808800
25000 2211443400
25010 2235034400
25020 2229626100
25030 2209010500
25040 2225367400
25050 2219042000
25060 2231585500
25070 2232037300
25080 2207570500
25090 2212067300
25100 2227597600
25110 2220302600
25120 2255658600
25130 2265703300
25140 2258076000
25150 2256585600
25160 2262747500
25170 2219363100
25180 2229366700
25190 2271311000
25200 2237208300
25210 2278892600
25220 2305377300
25230 2273648500
25240 2251053600
25250 2257144600
25260 2311420300
25270 2276757400
25280 2249105900
25290 2292111600
25300 2330038200
25310 2274349600
25320 2286452800
25330 2208126500
25340 2308356200
25350 2255122100
25360 2275391100
25370 2283527900
25380 2255866100
25390 2252087100
25400 2277004000
25410 2293662400
25420 2278800700
25430 2316054200
25440 2270778400
25450 2371710300
25460 2252574000
25470 2302832200
25480 2327613900
25490 2317464200
25500 2296504300
25510 2324301500
25520 2305799200
25530 2251346700
25540 2249986900
25550 2290576600
25560 2359831200
25570 2377250000
25580 2329194600
25590 2371373700
25600 2309322200
25610 2309424800
25620 2360761800
25630 2376448500
25640 2364620700
25650 2353221700
25660 2329556800
25670 2353620600
25680 2318803000
25690 2383411300
25700 2317973400
25710 2380046300
25720 2362574400
25730 2390439600
25740 2342275100
25750 2373638400
25760 2368349700
25770 2286371000
25780 2407775600
25790 2388177700
25800 2400511600
25810 2384031700
25820 2381901300
25830 2403953900
25840 2399388400
25850 2394089100
25860 2406452000
25870 2415755400
25880 2430848900
25890 2396323600
25900 2413230800
25910 2421327300
25920 2388043800
25930 2442450700
25940 2419131400
25950 2435836400
25960 2478347200
25970 2433903600
25980 2426781400
25990 2439113200
26000 2463350900
26010 2427475800
26020 2437640600
26030 2455852900
26040 2453242600
26050 2434477100
26060 2461127400
26070 2452953900
26080 2431260000
26090 2442201200
26100 2471522000
26110 2473022500
26120 2448452100
26130 2473912700
26140 2488915500
26150 2472337500
26160 2465661800
26170 2486395900
26180 2472822600
26190 2444518000
26200 2465703400
26210 2482012100
26220 2491131500
26230 2487377000
26240 2491199400
26250 2493161100
26260 2508647800
26270 2491025400
26280 2510042400
26290 2531262500
26300 2518682800
26310 2500347800
26320 2492626100
26330 2519711700
26340 2521676800
26350 2504268200
26360 2550698100
26370 2534996800
26380 2527868900
26390 2552493200
26400 2527526600
26410 2520644200
26420 2540929900
26430 2524347000
26440 2551217700
26450 2533941800
26460 2559290200
26470 2535860200
26480 2551122300
26490 2546502600
26500 2581412700
26510 2553459500
26520 2562615500
26530 2568090600
26540 2566548600
26550 2589504600
26560 2558579800
26570 2589166500
26580 2582550900
26590 2598792200
26600 2595554100
26610 2559694000
26620 2601075100
26630 2593599700
26640 2589036000
26650 2595640200
26660 2573338900
26670 2579066400
26680 2592794700
26690 2607731300
26700 2608996400
26710 2598404100
26720 2620582900
26730 2669116200
26740 2600524700
26750 2636853800
26760 2596432200
26770 2561394600
26780 2604207200
26790 2576165000
26800 2669787100
26810 2663034200
26820 2555599800
26830 2587896200
26840 2617864200
26850 2587327500
26860 2613130900
26870 2621969400
26880 2672496900
26890 2617451400
26900 2637220400
26910 2567965400
26920 2590985400
26930 2593221100
26940 2658210000
26950 2631374200
26960 2616509700
26970 2607149100
26980 2650325000
26990 2646431700
27000 2642714100
27010 2653615000
27020 2674269600
27030 2616418200
27040 2623090100
27050 2566197400
27060 2660685500
27070 2659530700
27080 2683029500
27090 2644701500
27100 2644519400
27110 2680701400
27120 2623420800
27130 2647326300
27140 2721574300
27150 2703956600
27160 2708695400
27170 2634080800
27180 2661566300
27190 2693249000
27200 2765270600
27210 2759652900
27220 2722093300
27230 2733620900
27240 2758991200
27250 2700230900
27260 2715818500
27270 2737910800
27280 2733700500
27290 2762655700
27300 2777943700
27310 2772718900
27320 2732436200
27330 2731894300
27340 2737937100
27350 2784465500
27360 2774213600
27370 2733656500
27380 2767186000
27390 2777423500
27400 2767809700
27410 2801552200
27420 2757272800
27430 2788288500
27440 2766969200
27450 2776232600
27460 2797483400
27470 2774580500
27480 2795509700
27490 2773303800
27500 2756480700
27510 2770362300
27520 2817615600
27530 2792216000
27540 2805784400
27550 2823280800
27560 2815002400
27570 2809404500
27580 2806210400
27590 2810038700
27600 2824663400
27610 2848440300
27620 2856517000
27630 2831873600
27640 2813017800
27650 2833277900
27660 2794357000
27670 2814927500
27680 2846718800
27690 2864827200
27700 2854464800
27710 2839816300
27720 2853961000
27730 2854286000
27740 2847383400
27750 2851900600
27760 2851424400
27770 2846546800
27780 2881035200
27790 2840772500
27800 2882763700
27810 2852973100
27820 2884043800
27830 2869943500
27840 2889834200
27850 2866532100
27860 2881564200
27870 2910365100
27880 2893625300
27890 2895352300
27900 2890185600
27910 2894670800
27920 2891649400
27930 2869349500
27940 2897536500
27950 2881660700
27960 2896497000
27970 2911173300
27980 2922658700
27990 2916373100
28000 2925275700
28010 2904985900
28020 2901981900
28030 2919522800
28040 2930958400
28050 2948455700
28060 2935269800
28070 2947308200
28080 2934588400
28090 2939211300
28100 2917413700
28110 2887074100
28120 2956983300
28130 2956050200
28140 2864161200
28150 2958106900
28160 3001004600
28170 2896940700
28180 2900174300
28190 2976707400
28200 2950652600
28210 2962850500
28220 2984266100
28230 2986035400
28240 2962276100
28250 2995156900
28260 2973533300
28270 2982959500
28280 2956846400
28290 3000757100
28300 2977657700
28310 2962396300
28320 2997217100
28330 3013940000
28340 2996089900
28350 2990398600
28360 3016474200
28370 3028426300
28380 2992856900
28390 3007372200
28400 2988802400
28410 3004993300
28420 3018895700
28430 3030632000
28440 3051334500
28450 3017695200
28460 3018899800
28470 3056152700
28480 3016488900
28490 3025843800
28500 3049691900
28510 3024041900
28520 3040132400
28530 3075421000
28540 3050082800
28550 3044171700
28560 3045784700
28570 3046763900
28580 3061439800
28590 3061562300
28600 3082858500
28610 3046574300
28620 3075630400
28630 3069839500
28640 3088299100
28650 3093494700
28660 3100648400
28670 3092251800
28680 3064564200
28690 3107388700
28700 3110069900
28710 3105531700
28720 3067541300
28730 3140476200
28740 3105357200
28750 3119922500
28760 3099686800
28770 3110763300
28780 3106170100
28790 3127847000
28800 3100499500
28810 3127568500
28820 3118990500
28830 3134306300
28840 3120610400
28850 3147320300
28860 3153017300
28870 3120316400
28880 3148876500
28890 3158460600
28900 3130430400
28910 3144171400
28920 3162791800
28930 3171710900
28940 3123664000
28950 3165408900
28960 3152731600
28970 3159572100
28980 3154651400
28990 3168881100
29000 3142013700
29010 3175088100
29020 3199963100
29030 3202251100
29040 3194584200
29050 3186501200
29060 3191906000
29070 3171424900
29080 3171452200
29090 3185471100
29100 3199120500
29110 3189346900
29120 3240465500
29130 3220336500
29140 3226890400
29150 3231263600
29160 3224659200
29170 3238953900
29180 3182436400
29190 3157070400
29200 3112943600
29210 3089721300
29220 3170491300
29230 3159248200
29240 3208965900
29250 3043709800
29260 3097400600
29270 3127563500
29280 3205794000
29290 3200161700
29300 3174387400
29310 3186552100
29320 3119061700
29330 3220263200
29340 3262258700
29350 3183269200
29360 3176081800
29370 3192065500
29380 3142963800
29390 3255362400
29400 3224220100
29410 3219408300
29420 3185333700
29430 3199421400
29440 3220392700
29450 3304382700
29460 3239325800
29470 3298382400
29480 3195046600
29490 3216638300
29500 3229464600
29510 3300368000
29520 3288151000
29530 3265312200
29540 3273260100
29550 3244505000
29560 3311048600
29570 3272049600
29580 3259231700
29590 3279901000
29600 3239671900
29610 3325886800
29620 3298213300
29630 3283257800
29640 3306790200
29650 3256615300
29660 3251645200
29670 3343342200
29680 3321143300
29690 3356271500
29700 3249520700
29710 3321164600
29720 3276693100
29730 3331731300
29740 3316533600
29750 3307519700
29760 3356769100
29770 3292380800
29780 3268130800
29790 3317308600
29800 3330121800
29810 3246008800
29820 3265555300
29830 3282976400
29840 3268691200
29850 3322681300
29860 3318367600
29870 3290852400
29880 3355614700
29890 3371829000
29900 3337725100
29910 3336631400
29920 3334415400
29930 3393564500
29940 3426726700
29950 3412416300
29960 3389045600
29970 3405688600
29980 3423236500
29990 3357180300
30000 3450762700
