10 300
20 200
30 200
40 300
50 200
60 100
70 200
80 200
90 400
100 400
110 400
120 600
130 400
140 200
150 600
160 600
170 500
180 200
190 800
200 900
210 1200
220 1100
230 900
240 1000
250 400
260 500
270 400
280 1200
290 1000
300 300
310 1400
320 1000
330 1200
340 1000
350 800
360 800
370 600
380 300
390 300
400 900
410 200
420 3400
430 1900
440 1500
450 100
460 1100
470 1600
480 1900
490 2400
500 1800
510 2300
520 1500
530 1100
540 1200
550 1300
560 1700
570 2100
580 1000
590 2200
600 1700
610 1300
620 600
630 2400
640 3200
650 300
660 2400
670 800
680 1200
690 200
700 300
710 700
720 500
730 2600
740 2000
750 2800
760 1900
770 500
780 2700
790 3900
800 2800
810 2200
820 1200
830 2800
840 500
850 2700
860 1000
870 2900
880 2400
890 4500
900 3300
910 2500
920 3100
930 2100
940 4600
950 1600
960 5400
970 700
980 2900
990 2700
1000 2600
1010 4700
1020 4200
1030 5400
1040 5200
1050 6000
1060 2000
1070 5900
1080 1100
1090 600
1100 5000
1110 2100
1120 2200
1130 2200
1140 2100
1150 6200
1160 2800
1170 5000
1180 1300
1190 200
1200 1700
1210 8900
1220 3500
1230 400
1240 3100
1250 1600
1260 1100
1270 3600
1280 2200
1290 1000
1300 1100
1310 1900
1320 5600
1330 5200
1340 6500
1350 1200
1360 1300
1370 7200
1380 2900
1390 1400
1400 700
1410 5300
1420 5100
1430 4200
1440 3400
1450 5600
1460 2700
1470 3400
1480 3300
1490 6900
1500 11800
1510 2100
1520 4600
1530 8500
1540 8700
1550 7100
1560 9600
1570 6800
1580 4700
1590 10700
1600 8000
1610 1200
1620 400
1630 4300
1640 1900
1650 5100
1660 6300
1670 600
1680 8000
1690 2500
1700 2800
1710 4400
1720 6600
1730 11000
1740 7300
1750 6900
1760 1800
1770 6900
1780 3100
1790 3000
1800 3800
1810 2300
1820 3200
1830 7000
1840 3200
1850 8900
1860 2700
1870 4200
1880 5500
1890 1100
1900 9600
1910 9900
1920 9100
1930 6900
1940 2400
1950 9000
1960 4900
1970 9500
1980 6200
1990 2400
2000 11200
2010 6400
2020 12300
2030 6000
2040 11900
2050 10500
2060 13200
2070 12100
2080 3300
2090 600
2100 2600
2110 6100
2120 12300
2130 13100
2140 700
2150 9000
2160 18300
2170 10500
2180 18100
2190 11400
2200 4900
2210 13100
2220 6300
2230 10600
2240 2100
2250 12700
2260 9500
2270 1400
2280 5300
2290 9800
2300 1300
2310 14200
2320 14700
2330 10000
2340 11100
2350 500
2360 7200
2370 12200
2380 10600
2390 8700
2400 5200
2410 12300
2420 19000
2430 7100
2440 8000
2450 3100
2460 10500
2470 11500
2480 4000
2490 6100
2500 300
2510 11300
2520 12300
2530 1900
2540 1800
2550 16500
2560 9800
2570 2200
2580 16000
2590 16300
2600 5700
2610 12300
2620 18000
2630 5600
2640 17700
2650 16000
2660 1900
2670 2200
2680 13100
2690 13000
2700 5400
2710 7200
2720 12300
2730 5600
2740 13900
2750 7600
2760 18000
2770 8900
2780 16300
2790 8800
2800 11900
2810 9100
2820 15800
2830 4500
2840 16400
2850 11500
2860 10600
2870 12000
2880 16100
2890 14500
2900 3500
2910 4400
2920 19300
2930 5400
2940 9000
2950 4000
2960 15100
2970 7800
2980 2700
2990 18200
3000 8600
3010 19600
3020 600
3030 19100
3040 4300
3050 13800
3060 4200
3070 16700
3080 17700
3090 16000
3100 5800
3110 10400
3120 1800
3130 5800
3140 17400
3150 3700
3160 3800
3170 6000
3180 23300
3190 2500
3200 14400
3210 8300
3220 18900
3230 9200
3240 2100
3250 11200
3260 3500
3270 5000
3280 3100
3290 6300
3300 5400
3310 16700
3320 20500
3330 21300
3340 6200
3350 4800
3360 5900
3370 18200
3380 15100
3390 22200
3400 26000
3410 11600
3420 23000
3430 29000
3440 18800
3450 23200
3460 5200
3470 11800
3480 5200
3490 9800
3500 9200
3510 3000
3520 8300
3530 3900
3540 18600
3550 26100
3560 9800
3570 16200
3580 7000
3590 8100
3600 900
3610 5200
3620 7700
3630 12900
3640 22500
3650 8200
3660 22600
3670 4500
3680 25500
3690 22200
3700 8300
3710 7900
3720 9300
3730 13500
3740 5000
3750 5800
3760 14400
3770 5100
3780 2100
3790 17300
3800 9900
3810 17200
3820 19400
3830 51600
3840 1100
3850 24900
3860 13900
3870 12400
3880 29500
3890 1600
3900 45900
3910 24100
3920 30000
3930 4100
3940 2700
3950 30900
3960 9000
3970 19200
3980 14200
3990 16700
4000 12100
4010 26300
4020 3400
4030 9600
4040 30200
4050 18000
4060 5800
4070 23700
4080 20400
4090 27200
4100 19100
4110 24900
4120 20500
4130 17600
4140 35500
4150 19400
4160 13400
4170 5400
4180 23500
4190 3600
4200 23000
4210 20500
4220 34600
4230 20400
4240 27200
4250 4500
4260 11200
4270 25300
4280 9700
4290 4500
4300 8500
4310 29200
4320 12800
4330 31400
4340 32100
4350 16200
4360 14200
4370 7400
4380 19800
4390 9600
4400 5600
4410 12400
4420 10300
4430 1400
4440 13900
4450 22900
4460 23300
4470 26800
4480 9700
4490 13100
4500 5000
4510 32500
4520 29200
4530 32800
4540 28300
4550 23400
4560 1800
4570 11700
4580 27900
4590 3100
4600 17900
4610 1000
4620 51100
4630 33800
4640 9600
4650 17400
4660 15500
4670 2700
4680 10800
4690 5400
4700 8400
4710 22000
4720 4200
4730 34400
4740 23000
4750 32000
4760 2200
4770 34200
4780 43200
4790 13700
4800 31100
4810 7300
4820 15300
4830 12600
4840 33500
4850 6100
4860 8300
4870 22200
4880 6100
4890 43400
4900 13100
4910 15200
4920 19700
4930 36300
4940 3300
4950 30600
4960 10200
4970 39600
4980 33500
4990 22600
5000 2200
5010 42600
5020 36900
5030 33100
5040 32500
5050 3100
5060 1600
5070 17300
5080 13800
5090 28000
5100 6700
5110 30700
5120 17100
5130 21900
5140 24200
5150 200
5160 4100
5170 36300
5180 9100
5190 39200
5200 34500
5210 34500
5220 33000
5230 16700
5240 18000
5250 50600
5260 17500
5270 19600
5280 4100
5290 16900
5300 33100
5310 37800
5320 7800
5330 22300
5340 41900
5350 33100
5360 1700
5370 13200
5380 17700
5390 28400
5400 15100
5410 10900
5420 35800
5430 22800
5440 69700
5450 37000
5460 36600
5470 34400
5480 11500
5490 21000
5500 17200
5510 10000
5520 35900
5530 22600
5540 37500
5550 60800
5560 5100
5570 29000
5580 11700
5590 51000
5600 10600
5610 28300
5620 1700
5630 34900
5640 40900
5650 1700
5660 35000
5670 19300
5680 22000
5690 21100
5700 25800
5710 21500
5720 37000
5730 14000
5740 12000
5750 28300
5760 1600
5770 33100
5780 7400
5790 16000
5800 15700
5810 20200
5820 10500
5830 41900
5840 38800
5850 41800
5860 27000
5870 1300
5880 40400
5890 31400
5900 42700
5910 21200
5920 6500
5930 3100
5940 32700
5950 38500
5960 47400
5970 43500
5980 23500
5990 30100
6000 38600
6010 20800
6020 26100
6030 42400
6040 20500
6050 45800
6060 41600
6070 35000
6080 10900
6090 32000
6100 23300
6110 39200
6120 29600
6130 41400
6140 4100
6150 9600
6160 8500
6170 21100
6180 8500
6190 23500
6200 1100
6210 46400
6220 20800
6230 19600
6240 22900
6250 43800
6260 44700
6270 8100
6280 48200
6290 23200
6300 2900
6310 45600
6320 52400
6330 35200
6340 36400
6350 2800
6360 26900
6370 15800
6380 25200
6390 46400
6400 11200
6410 40600
6420 29300
6430 26000
6440 48700
6450 31700
6460 37100
6470 7000
6480 32600
6490 5400
6500 26500
6510 29000
6520 14600
6530 7300
6540 42200
6550 27700
6560 15100
6570 12400
6580 34400
6590 15900
6600 60200
6610 27600
6620 52900
6630 4400
6640 21100
6650 58700
6660 47000
6670 4300
6680 11900
6690 50500
6700 12600
6710 14400
6720 45900
6730 18800
6740 20500
6750 25600
6760 37800
6770 29900
6780 13400
6790 52200
6800 27400
6810 3000
6820 50700
6830 35600
6840 46800
6850 39800
6860 44100
6870 40000
6880 53900
6890 52600
6900 6100
6910 54600
6920 14600
6930 42300
6940 107100
6950 49400
6960 4800
6970 59200
6980 21500
6990 52600
7000 36300
7010 9800
7020 9600
7030 48500
7040 41500
7050 54800
7060 24600
7070 21800
7080 28700
7090 1200
7100 27100
7110 20300
7120 8500
7130 53000
7140 35300
7150 55000
7160 33300
7170 34700
7180 52200
7190 36200
7200 59000
7210 54300
7220 43400
7230 43600
7240 16800
7250 16700
7260 56400
7270 23900
7280 51700
7290 17600
7300 33300
7310 23600
7320 32100
7330 15200
7340 11500
7350 2600
7360 7800
7370 22300
7380 58800
7390 59000
7400 40300
7410 9600
7420 57500
7430 60000
7440 56000
7450 53400
7460 4400
7470 43400
7480 52900
7490 57300
7500 57600
7510 60400
7520 48900
7530 42900
7540 47300
7550 23800
7560 41100
7570 9500
7580 12300
7590 8300
7600 21300
7610 23700
7620 51800
7630 47100
7640 55300
7650 43600
7660 5000
7670 62800
7680 61600
7690 59100
7700 13800
7710 45100
7720 48800
7730 34100
7740 8100
7750 30900
7760 19200
7770 12300
7780 3200
7790 66400
7800 2900
7810 43200
7820 50500
7830 41800
7840 65400
7850 56100
7860 1100
7870 62600
7880 53700
7890 23700
7900 27600
7910 11600
7920 35700
7930 60600
7940 33200
7950 39900
7960 35900
7970 65100
7980 58200
7990 14800
8000 62700
8010 34800
8020 46800
8030 37700
8040 63700
8050 118500
8060 53200
8070 19400
8080 19700
8090 15500
8100 3500
8110 31300
8120 22100
8130 58300
8140 59100
8150 54800
8160 23300
8170 61100
8180 66700
8190 48300
8200 4400
8210 84700
8220 28800
8230 54400
8240 55700
8250 43700
8260 87800
8270 800
8280 54400
8290 67000
8300 58600
8310 69200
8320 22100
8330 15800
8340 46300
8350 43700
8360 19500
8370 71800
8380 4800
8390 28700
8400 71200
8410 13600
8420 5000
8430 47900
8440 16000
8450 47800
8460 52500
8470 63600
8480 27900
8490 21300
8500 72300
8510 26900
8520 17400
8530 56000
8540 1600
8550 15000
8560 61100
8570 16900
8580 73400
8590 49700
8600 5500
8610 2900
8620 21500
8630 21600
8640 6200
8650 29400
8660 66300
8670 9500
8680 70500
8690 9700
8700 9900
8710 32400
8720 53100
8730 27400
8740 50500
8750 10000
8760 32300
8770 50700
8780 42000
8790 5600
8800 81000
8810 54500
8820 12000
8830 33700
8840 56200
8850 91400
8860 51800
8870 46300
8880 73700
8890 35100
8900 53200
8910 71300
8920 46700
8930 59300
8940 77100
8950 7300
8960 7800
8970 73200
8980 53700
8990 15200
9000 14900
9010 32800
9020 54200
9030 10600
9040 49400
9050 4800
9060 14000
9070 22500
9080 73300
9090 93400
9100 74500
9110 14200
9120 76800
9130 13600
9140 22800
9150 36300
9160 16700
9170 59000
9180 67500
9190 31300
9200 75100
9210 64500
9220 2900
9230 52300
9240 48600
9250 48700
9260 18100
9270 24300
9280 66500
9290 57900
9300 53400
9310 75400
9320 35700
9330 10000
9340 20200
9350 111900
9360 18200
9370 41300
9380 29300
9390 78500
9400 23000
9410 16100
9420 12700
9430 57900
9440 45600
9450 900
9460 62300
9470 73300
9480 82500
9490 4600
9500 13400
9510 30500
9520 82800
9530 46100
9540 51600
9550 63800
9560 37200
9570 35400
9580 13900
9590 82700
9600 47400
9610 48500
9620 70400
9630 43700
9640 37000
9650 36800
9660 135300
9670 103100
9680 6000
9690 44400
9700 75300
9710 16400
9720 24300
9730 80000
9740 42300
9750 54500
9760 79500
9770 72500
9780 50200
9790 11400
9800 16300
9810 44200
9820 44100
9830 21000
9840 37000
9850 70000
9860 29600
9870 44000
9880 22500
9890 34500
9900 23500
9910 24500
9920 52400
9930 79800
9940 89900
9950 94300
9960 92800
9970 35900
9980 72300
9990 25800
10000 84600
10010 13400
10020 74900
10030 27900
10040 59000
10050 65600
10060 69800
10070 68400
10080 14700
10090 21800
10100 13900
10110 70500
10120 63100
10130 71000
10140 156700
10150 70800
10160 95500
10170 59500
10180 81700
10190 67700
10200 45700
10210 69600
10220 18600
10230 78000
10240 91700
10250 129000
10260 25900
10270 88200
10280 99500
10290 68900
10300 80100
10310 71900
10320 51500
10330 51500
10340 47300
10350 87900
10360 64600
10370 12700
10380 13200
10390 27300
10400 11300
10410 19400
10420 71000
10430 82700
10440 44800
10450 59900
10460 18700
10470 26900
10480 55600
10490 99200
10500 20100
10510 52700
10520 27200
10530 12300
10540 57000
10550 38200
10560 9700
10570 52500
10580 96400
10590 52300
10600 67100
10610 121400
10620 56500
10630 58200
10640 50800
10650 43400
10660 55700
10670 80300
10680 116200
10690 9800
10700 108500
10710 73200
10720 75600
10730 64800
10740 6900
10750 6100
10760 11500
10770 61000
10780 11000
10790 74700
10800 80100
10810 118100
10820 38900
10830 5100
10840 72500
10850 62700
10860 86700
10870 17700
10880 96000
10890 57400
10900 53000
10910 61500
10920 8400
10930 15900
10940 74400
10950 84300
10960 79100
10970 21700
10980 96900
10990 43300
11000 71800
11010 73300
11020 3600
11030 75800
11040 22300
11050 80200
11060 108200
11070 60600
11080 62900
11090 88800
11100 58700
11110 45000
11120 64800
11130 87200
11140 32200
11150 110100
11160 29700
11170 86400
11180 45400
11190 81600
11200 91800
11210 36500
11220 34500
11230 3900
11240 8000
11250 78700
11260 99400
11270 55700
11280 94500
11290 78300
11300 117400
11310 29800
11320 85000
11330 17200
11340 18800
11350 23200
11360 77900
11370 67600
11380 18200
11390 89700
11400 56600
11410 29500
11420 104800
11430 18000
11440 46000
11450 16700
11460 17500
11470 37500
11480 64000
11490 45300
11500 40800
11510 19400
11520 71800
11530 190400
11540 38300
11550 215000
11560 43300
11570 82000
11580 77600
11590 86700
11600 21400
11610 9300
11620 6800
11630 125500
11640 36000
11650 61200
11660 104900
11670 119300
11680 23400
11690 8600
11700 26100
11710 73600
11720 49800
11730 73500
11740 101300
11750 76100
11760 53100
11770 19600
11780 11400
11790 105000
11800 50800
11810 4600
11820 8300
11830 101300
11840 54200
11850 37300
11860 49600
11870 88200
11880 16600
11890 40400
11900 140300
11910 17500
11920 14600
11930 115400
11940 93900
11950 51300
11960 1300
11970 53800
11980 56400
11990 67600
12000 115600
12010 91100
12020 3000
12030 28800
12040 123700
12050 155900
12060 75000
12070 46700
12080 80300
12090 15500
12100 107700
12110 124000
12120 75100
12130 97500
12140 54400
12150 109200
12160 4000
12170 115500
12180 61900
12190 78800
12200 26100
12210 51100
12220 32800
12230 47500
12240 91500
12250 17300
12260 18400
12270 48600
12280 109300
12290 36800
12300 39500
12310 29700
12320 50400
12330 91600
12340 108300
12350 43800
12360 7800
12370 107800
12380 28000
12390 27800
12400 20400
12410 137700
12420 40700
12430 14000
12440 42000
12450 59600
12460 93700
12470 63200
12480 44500
12490 6800
12500 21700
12510 96800
12520 104800
12530 8400
12540 45000
12550 77500
12560 100900
12570 24400
12580 51000
12590 20700
12600 99200
12610 113600
12620 67400
12630 20900
12640 77000
12650 29500
12660 47200
12670 29200
12680 24600
12690 103200
12700 20200
12710 26700
12720 49000
12730 109600
12740 42500
12750 114000
12760 29900
12770 14500
12780 104200
12790 96400
12800 71900
12810 101300
12820 115400
12830 6500
12840 98300
12850 5900
12860 4500
12870 35700
12880 49700
12890 18300
12900 24800
12910 93700
12920 34000
12930 37300
12940 20400
12950 57700
12960 3700
12970 97400
12980 71500
12990 13000
13000 100700
13010 2100
13020 45400
13030 20600
13040 120500
13050 139500
13060 26700
13070 31400
13080 52600
13090 28400
13100 43400
13110 18500
13120 29400
13130 98500
13140 98100
13150 7300
13160 13200
13170 69400
13180 66300
13190 156400
13200 24200
13210 84100
13220 8600
13230 118000
13240 30100
13250 111900
13260 900
13270 14000
13280 48900
13290 106600
13300 31100
13310 139300
13320 89000
13330 28200
13340 108800
13350 128000
13360 19800
13370 7200
13380 120800
13390 33600
13400 65400
13410 100500
13420 24100
13430 58800
13440 126200
13450 117700
13460 43700
13470 10700
13480 1500
13490 600
13500 91300
13510 2600
13520 127700
13530 37400
13540 35900
13550 59700
13560 6400
13570 21400
13580 128500
13590 14100
13600 15900
13610 57700
13620 117000
13630 66600
13640 94700
13650 97400
13660 33700
13670 59200
13680 102200
13690 19400
13700 85900
13710 8100
13720 166500
13730 118100
13740 17000
13750 103200
13760 75700
13770 79800
13780 142900
13790 43500
13800 69200
13810 68900
13820 71100
13830 33500
13840 55100
13850 94900
13860 6900
13870 11100
13880 20200
13890 107100
13900 100
13910 136900
13920 19400
13930 84200
13940 137600
13950 103100
13960 123800
13970 132400
13980 74400
13990 69200
14000 22500
14010 1300
14020 69900
14030 46400
14040 12600
14050 10300
14060 86900
14070 94300
14080 47700
14090 71300
14100 92900
14110 2800
14120 90400
14130 110700
14140 95400
14150 8700
14160 2200
14170 43700
14180 138300
14190 116800
14200 114800
14210 79600
14220 83300
14230 131200
14240 112400
14250 24300
14260 84600
14270 112700
14280 93400
14290 3600
14300 125500
14310 84500
14320 57600
14330 59000
14340 75200
14350 5600
14360 33100
14370 44200
14380 139100
14390 71900
14400 327700
14410 47100
14420 34100
14430 12600
14440 129700
14450 94600
14460 16300
14470 133300
14480 11400
14490 8700
14500 102100
14510 92300
14520 70200
14530 103900
14540 104200
14550 108200
14560 55000
14570 128000
14580 65800
14590 113000
14600 119800
14610 55900
14620 136700
14630 122700
14640 55700
14650 78700
14660 10200
14670 27200
14680 122700
14690 29200
14700 51600
14710 36600
14720 58200
14730 76900
14740 70300
14750 67000
14760 80800
14770 127700
14780 129400
14790 76200
14800 3800
14810 120400
14820 4500
14830 127100
14840 73500
14850 126300
14860 68200
14870 35600
14880 81400
14890 20900
14900 133800
14910 107400
14920 63200
14930 117200
14940 17600
14950 78100
14960 53200
14970 156100
14980 71000
14990 11900
15000 103200
15010 33400
15020 39200
15030 87700
15040 146200
15050 202700
15060 75900
15070 104100
15080 129600
15090 114000
15100 56000
15110 90600
15120 26100
15130 157100
15140 29700
15150 19200
15160 121200
15170 7000
15180 81900
15190 6200
15200 89200
15210 27300
15220 72900
15230 55000
15240 26000
15250 127800
15260 19500
15270 138400
15280 72000
15290 36000
15300 63200
15310 91100
15320 82400
15330 125500
15340 41800
15350 123200
15360 121100
15370 142900
15380 86300
15390 40500
15400 139900
15410 119300
15420 101400
15430 19400
15440 88500
15450 78200
15460 29700
15470 78600
15480 141700
15490 41700
15500 146600
15510 12800
15520 69200
15530 30500
15540 39700
15550 41400
15560 116800
15570 138800
15580 121300
15590 30600
15600 64600
15610 87000
15620 142500
15630 13700
15640 52000
15650 72300
15660 20500
15670 32600
15680 95200
15690 24600
15700 96900
15710 52900
15720 35500
15730 120700
15740 23400
15750 19400
15760 12500
15770 117200
15780 14800
15790 121800
15800 20300
15810 74500
15820 124300
15830 74300
15840 140000
15850 108300
15860 76700
15870 45800
15880 98100
15890 148600
15900 66300
15910 115500
15920 38100
15930 64300
15940 61500
15950 166500
15960 117300
15970 69600
15980 132500
15990 51100
16000 108200
16010 10000
16020 117100
16030 5100
16040 3400
16050 189600
16060 36200
16070 62700
16080 5800
16090 143600
16100 120000
16110 91700
16120 46000
16130 14400
16140 126000
16150 140300
16160 75000
16170 141500
16180 64900
16190 65900
16200 8800
16210 108800
16220 75800
16230 83400
16240 51400
16250 21800
16260 103400
16270 87100
16280 94000
16290 6900
16300 122800
16310 130000
16320 50800
16330 19800
16340 92000
16350 3100
16360 44900
16370 66300
16380 146000
16390 19000
16400 147400
16410 18600
16420 37600
16430 110600
16440 77100
16450 37100
16460 104100
16470 131000
16480 66400
16490 104600
16500 88800
16510 127300
16520 142200
16530 167700
16540 91900
16550 11900
16560 141500
16570 150200
16580 133700
16590 10600
16600 92600
16610 65800
16620 105900
16630 139300
16640 141200
16650 128800
16660 148300
16670 122800
16680 174000
16690 40900
16700 53900
16710 165800
16720 88500
16730 168400
16740 166700
16750 41600
16760 119700
16770 146900
16780 112200
16790 144900
16800 56000
16810 13500
16820 198400
16830 88800
16840 48900
16850 145900
16860 152500
16870 121700
16880 51600
16890 34200
16900 57200
16910 132400
16920 73900
16930 86400
16940 70800
16950 158900
16960 105900
16970 156600
16980 90800
16990 132900
17000 145200
17010 142400
17020 2800
17030 20700
17040 123100
17050 31800
17060 137500
17070 158600
17080 96700
17090 81100
17100 29400
17110 64000
17120 174900
17130 135200
17140 22000
17150 40100
17160 39900
17170 110000
17180 74100
17190 81300
17200 25300
17210 264500
17220 156700
17230 18100
17240 150900
17250 39400
17260 94800
17270 60200
17280 124600
17290 3500
17300 187300
17310 118100
17320 102400
17330 17400
17340 121800
17350 14600
17360 2900
17370 125500
17380 147200
17390 87500
17400 132600
17410 113400
17420 230900
17430 145600
17440 86100
17450 91400
17460 15100
17470 1000
17480 53600
17490 167200
17500 54400
17510 135000
17520 78500
17530 101700
17540 500
17550 6300
17560 25500
17570 147300
17580 154800
17590 86500
17600 143000
17610 120600
17620 11000
17630 10200
17640 133000
17650 160000
17660 130400
17670 18900
17680 123200
17690 63600
17700 75600
17710 31800
17720 40900
17730 77400
17740 109400
17750 127800
17760 158400
17770 147100
17780 98200
17790 70500
17800 111900
17810 4200
17820 40200
17830 105400
17840 91000
17850 58400
17860 172200
17870 177500
17880 165800
17890 92200
17900 103500
17910 649600
17920 130100
17930 122400
17940 54000
17950 78800
17960 167500
17970 87800
17980 82900
17990 122300
18000 191800
18010 80300
18020 65100
18030 175500
18040 49100
18050 24600
18060 138200
18070 57000
18080 7600
18090 134900
18100 145100
18110 147500
18120 96400
18130 44900
18140 223800
18150 69100
18160 125200
18170 69400
18180 59300
18190 68300
18200 151000
18210 53400
18220 80800
18230 58000
18240 110000
18250 60700
18260 69000
18270 24200
18280 169400
18290 63600
18300 38100
18310 56800
18320 344600
18330 110300
18340 140400
18350 137300
18360 138600
18370 73900
18380 72000
18390 25000
18400 58100
18410 146200
18420 148500
18430 62100
18440 171400
18450 181100
18460 178400
18470 113400
18480 6600
18490 56400
18500 122200
18510 104600
18520 118800
18530 168600
18540 47500
18550 105300
18560 85000
18570 76800
18580 125500
18590 225500
18600 183000
18610 54100
18620 4200
18630 39700
18640 12300
18650 14800
18660 143400
18670 35400
18680 165900
18690 148000
18700 14400
18710 156800
18720 205400
18730 141900
18740 26000
18750 93900
18760 39300
18770 164000
18780 205200
18790 702000
18800 189400
18810 178200
18820 52300
18830 54200
18840 117000
18850 155200
18860 80200
18870 60600
18880 194800
18890 98300
18900 160800
18910 236200
18920 46900
18930 62500
18940 185500
18950 151700
18960 151400
18970 73600
18980 32700
18990 140000
19000 47600
19010 172200
19020 28000
19030 182400
19040 306000
19050 140900
19060 29000
19070 129400
19080 388400
19090 40200
19100 550600
19110 69200
19120 1300
19130 36900
19140 188600
19150 33700
19160 198900
19170 114300
19180 58700
19190 15600
19200 117200
19210 17700
19220 42100
19230 95100
19240 56800
19250 116000
19260 192100
19270 87300
19280 78000
19290 111500
19300 35900
19310 35800
19320 105700
19330 54700
19340 28700
19350 189100
19360 115400
19370 109900
19380 158700
19390 165100
19400 48700
19410 22500
19420 92000
19430 134700
19440 68400
19450 120400
19460 171400
19470 51400
19480 123900
19490 104400
19500 18100
19510 202800
19520 15400
19530 56800
19540 101500
19550 119600
19560 7000
19570 116100
19580 184300
19590 266900
19600 121100
19610 115800
19620 194900
19630 156800
19640 127000
19650 208700
19660 42400
19670 126100
19680 97600
19690 145100
19700 163500
19710 196500
19720 5900
19730 52900
19740 92800
19750 37800
19760 9800
19770 190100
19780 137700
19790 65400
19800 30600
19810 268100
19820 101700
19830 134600
19840 110600
19850 127900
19860 124500
19870 25500
19880 139200
19890 46000
19900 18300
19910 52100
19920 146000
19930 101500
19940 148300
19950 34500
19960 45900
19970 133600
19980 62700
19990 71600
20000 275900
